Pos( 1,:) = [ -3.29356 1.79356 1.55315e-16 ];
