Pos( 1,:) = [ 0.903648 0.464408 1.07408 ];
Pos( 2,:) = [ 0.225395 0.990683 1.07343 ];
Pos( 3,:) = [ -0.309454 0.967726 1.07878 ];
Pos( 4,:) = [ 0.728935 -0.707749 1.07514 ];
Pos( 5,:) = [ 0.336428 0.958682 1.08125 ];
Pos( 6,:) = [ -0.546267 -0.856649 1.07692 ];
Pos( 7,:) = [ 1.50234 -0.00820942 1.23451 ];
Pos( 8,:) = [ 1.50226 -0.00850524 1.23424 ];
Pos( 9,:) = [ -0.681509 0.753526 1.08068 ];
Pos( 10,:) = [ -0.513459 0.876707 1.07869 ];
Pos( 11,:) = [ -0.897239 -0.476673 1.07015 ];
Pos( 12,:) = [ -0.0495127 -1.01479 1.07619 ];
Pos( 13,:) = [ -0.401202 -0.93343 1.08013 ];
Pos( 14,:) = [ 0.953903 0.349748 1.07439 ];
Pos( 15,:) = [ 0.573334 0.838775 1.07904 ];
Pos( 16,:) = [ -0.990056 -0.228131 1.0818 ];
Pos( 17,:) = [ -1.00912 0.118051 1.0717 ];
Pos( 18,:) = [ -0.686813 -0.748694 1.08031 ];
Pos( 19,:) = [ -0.175034 -1.00081 1.07615 ];
Pos( 20,:) = [ -0.832407 -0.58254 1.07008 ];
Pos( 21,:) = [ -0.980569 0.265969 1.07126 ];
Pos( 22,:) = [ 1.50243 -0.00780191 1.23485 ];
Pos( 23,:) = [ -0.0419454 1.01513 1.08243 ];
Pos( 24,:) = [ -0.812151 -0.610463 1.07656 ];
Pos( 25,:) = [ 0.486599 0.891895 1.07361 ];
Pos( 26,:) = [ 1.50259 -0.00558287 1.2354 ];
Pos( 27,:) = [ 1.50257 -0.00691529 1.23534 ];
Pos( 28,:) = [ 0.79389 -0.63403 1.07968 ];
Pos( 29,:) = [ -0.205237 0.995054 1.07277 ];
Pos( 30,:) = [ -0.608709 -0.813467 1.06986 ];
Pos( 31,:) = [ 1.50252 -0.0072925 1.23517 ];
Pos( 32,:) = [ 1.5026 -0.00570713 1.23543 ];
Pos( 33,:) = [ -0.963733 0.321672 1.078 ];
Pos( 34,:) = [ 0.584272 0.831193 1.07842 ];
Pos( 35,:) = [ 1.50251 -0.00734095 1.23514 ];
Pos( 36,:) = [ -0.422683 0.923901 1.08198 ];
Pos( 37,:) = [ 0.826321 -0.591141 1.07585 ];
Pos( 38,:) = [ -0.588842 0.827961 1.07227 ];
Pos( 39,:) = [ 0.116441 1.0093 1.07872 ];
Pos( 40,:) = [ -0.670026 -0.763754 1.07991 ];
Pos( 41,:) = [ -0.901365 0.468824 1.08056 ];
Pos( 42,:) = [ -0.255877 0.983251 1.07255 ];
Pos( 43,:) = [ -0.758748 -0.67569 1.07653 ];
Pos( 44,:) = [ 1.50238 -0.00801301 1.23468 ];
Pos( 45,:) = [ -0.985146 0.248478 1.07148 ];
Pos( 46,:) = [ -0.27336 -0.978534 1.08169 ];
Pos( 47,:) = [ -0.970428 0.300872 1.07163 ];
Pos( 48,:) = [ 0.966291 0.313905 1.07407 ];
Pos( 49,:) = [ 0.131783 1.00742 1.08093 ];
Pos( 50,:) = [ 1.5026 -0.00640347 1.23546 ];
Pos( 51,:) = [ -0.944719 0.373845 1.08209 ];
Pos( 52,:) = [ 0.499475 -0.884748 1.07552 ];
Pos( 53,:) = [ 0.0490861 1.01481 1.07808 ];
Pos( 54,:) = [ -0.888898 -0.492052 1.0705 ];
Pos( 55,:) = [ 0.372454 0.945269 1.08089 ];
Pos( 56,:) = [ -0.147982 -1.00516 1.07654 ];
Pos( 57,:) = [ -0.962159 -0.32635 1.07059 ];
Pos( 58,:) = [ -0.496447 -0.886451 1.07992 ];
Pos( 59,:) = [ 0.764125 0.669603 1.08229 ];
Pos( 60,:) = [ 0.688306 0.747321 1.07856 ];
Pos( 61,:) = [ -0.387917 0.939029 1.07233 ];
Pos( 62,:) = [ 1.01516 -0.0411892 1.0749 ];
Pos( 63,:) = [ 1.50257 -0.00532414 1.23532 ];
Pos( 64,:) = [ 0.436491 -0.917459 1.07959 ];
Pos( 65,:) = [ -0.825745 -0.591946 1.07698 ];
Pos( 66,:) = [ -1.01193 -0.0908665 1.07084 ];
Pos( 67,:) = [ -0.665617 0.767599 1.07289 ];
Pos( 68,:) = [ -0.34965 0.953939 1.07845 ];
Pos( 69,:) = [ -0.786074 -0.643694 1.08055 ];
Pos( 70,:) = [ 0.89046 0.48922 1.08149 ];
Pos( 71,:) = [ 1.50255 -0.00709321 1.23526 ];
Pos( 72,:) = [ -1.01348 0.071537 1.07108 ];
Pos( 73,:) = [ 0.921687 -0.42749 1.07916 ];
Pos( 74,:) = [ 1.01599 -0.00321306 1.07541 ];
Pos( 75,:) = [ 0.428257 0.921331 1.07384 ];
Pos( 76,:) = [ -0.712324 -0.724465 1.08018 ];
Pos( 77,:) = [ 1.50253 -0.00494238 1.23516 ];
Pos( 78,:) = [ 0.0314894 -1.01551 1.0758 ];
Pos( 79,:) = [ -0.609168 0.813123 1.07219 ];
Pos( 80,:) = [ -0.794435 -0.633346 1.07021 ];
Pos( 81,:) = [ 0.524105 0.870385 1.07864 ];
Pos( 82,:) = [ 0.0966945 -1.01139 1.07962 ];
Pos( 83,:) = [ 1.50254 -0.00715266 1.23524 ];
Pos( 84,:) = [ -0.263376 0.981269 1.07284 ];
Pos( 85,:) = [ 0.155963 1.00396 1.08109 ];
Pos( 86,:) = [ 1.00198 0.168209 1.08148 ];
Pos( 87,:) = [ 1.50254 -0.00713506 1.23524 ];
Pos( 88,:) = [ -0.0926915 1.01176 1.07823 ];
Pos( 89,:) = [ 1.4814 -0.00237252 1.24411 ];
Pos( 90,:) = [ 0.961078 0.329522 1.08141 ];
Pos( 91,:) = [ -0.921182 -0.428577 1.07066 ];
Pos( 92,:) = [ 0.892585 -0.485331 1.07945 ];
Pos( 93,:) = [ -0.787266 0.642236 1.08083 ];
Pos( 94,:) = [ 0.15255 1.00448 1.07365 ];
Pos( 95,:) = [ 0.971515 0.297344 1.07948 ];
Pos( 96,:) = [ 1.50261 -0.00588212 1.23546 ];
Pos( 97,:) = [ -0.609168 0.813123 1.07203 ];
Pos( 98,:) = [ 0.28622 0.97485 1.08102 ];
Pos( 99,:) = [ 1.01549 0.0321429 1.07455 ];
Pos( 100,:) = [ 1.49257 0 1.23545 ];
