geom(1,:) = [-3, 0, 0, 0, 0, 0, 3, 0];
geom(2,:) = [0, 0, 3, 0, 0, 0, 3, 0];
geom(3,:) = [3, 0, 3, 20, 1e+12, -1e+12, 20, 0];
geom(4,:) = [3, 20, 0, 20, 0, 20, 20, 0];
geom(5,:) = [0, 20, -3, 20, 0, 20, 3, 0];
geom(6,:) = [-3, 20, -3, 0, -1e+12, -1e+12, 3, 0];
