answer = 
{   
  x=1.99939;
  y=0.049184;
  z=0.5;
  r=2.0;
  charge=0;
}
