geom = 
{ 
   x1 = [1.0,2.0,2.0,1.0] 
   z1 = [0.0,0.0,1.0,1.0] 
   x2 = [2.0,2.0,1.0,1.0] 
   z2 = [0.0,1.0,1.0,0.0]
   slope = [0.000000,1000000000000.000000,0.000000,-1000000000000.000000]
   intercept = [0.00000,1000000000000.000000,1.0,1000000000000.000000]
   length = [1.0,1.0,1.0,1.0]   
   Z = [74.0,74.0,74.0,74.0,0.0]       
   y1 = 0.0;
   y2 = 0.1745329252;
   periodic = 1;
}
