geom = 
{ 
   x1 = [-30000.000000,-30000.000000,30000.000000,30000.000000 ] 
   z1 = [-1.000000,1.000000,1.000000,-1.000000 ] 
   x2 = [-30000.000000,30000.000000,30000.000000,-30000.000000 ] 
   z2 = [1.000000,1.000000,-1.000000,-1.000000 ] 
   slope = [1000000000000.000000,0.000000,-1000000000000.000000,0.000000 ] 
   intercept = [1000000000000.000000,1.000000,1000000000000.000000,-1.000000 ] 
   length = [2.000000,60000.000000,2.000000,60000.000000 ] 
   Z = [74.000000,74.000000,0.000000,0.000000,0.000000 ] 
   surface = [1,1,1,1,1 ] 
   inDir = [1,1,1,1 ] 
   y1 = -300.000000 ; 
   y2 = 300.000000 ; 
   periodic = 0 ; 
}
