Pos( 1,:) = [ 0.0215218 0.00414278 20 ];
Pos( 2,:) = [ -0.00777605 -0.00590251 0 ];
Pos( 3,:) = [ -0.0147053 -0.000879697 20 ];
Pos( 4,:) = [ 0.00959775 -0.0116584 0 ];
Pos( 5,:) = [ 0.00888634 0.000333196 19.293 ];
Pos( 6,:) = [ 0.000598497 -0.00666638 0 ];
Pos( 7,:) = [ 0.0127619 0.0152875 20 ];
Pos( 8,:) = [ 0.0151583 0.00564654 0 ];
Pos( 9,:) = [ -0.0169904 -0.00529814 20 ];
Pos( 10,:) = [ -0.0185843 0.00208611 0 ];
Pos( 11,:) = [ -0.00116543 -0.00973893 20 ];
Pos( 12,:) = [ 0.0245285 -0.000236825 0 ];
Pos( 13,:) = [ -0.0190165 -0.00539615 18.7964 ];
Pos( 14,:) = [ 0.00151097 0.00625659 0 ];
Pos( 15,:) = [ 0.0064426 0.00184377 20 ];
Pos( 16,:) = [ 0.0106927 -0.00708623 1.64075 ];
Pos( 17,:) = [ 0.0145642 0.00772624 20 ];
Pos( 18,:) = [ -0.0094339 -0.00129529 1.49759 ];
Pos( 19,:) = [ -0.00124242 -0.00512835 20 ];
Pos( 20,:) = [ -0.0106887 0.000891017 1.05744 ];
Pos( 21,:) = [ -0.0182698 0.00111532 20 ];
Pos( 22,:) = [ 0.00760449 -0.00216498 0 ];
Pos( 23,:) = [ -0.000275057 -0.0111836 20 ];
Pos( 24,:) = [ -0.0335625 -0.00981307 0.596956 ];
Pos( 25,:) = [ -0.0234128 -0.00706473 19.6779 ];
Pos( 26,:) = [ -0.0135527 -0.00797097 0 ];
Pos( 27,:) = [ 0.0178199 0.00143358 20 ];
Pos( 28,:) = [ -0.0119108 -0.00465292 0 ];
Pos( 29,:) = [ 0.0184145 0.00517765 20 ];
Pos( 30,:) = [ 0.0110787 0.000371215 0 ];
Pos( 31,:) = [ -0.00993953 0.00597012 20 ];
Pos( 32,:) = [ -0.00457694 0.010058 2.22011 ];
Pos( 33,:) = [ -0.0152623 -0.00838521 20 ];
Pos( 34,:) = [ 0.0146217 0.00812091 0 ];
Pos( 35,:) = [ -0.00445133 0.00574245 20 ];
Pos( 36,:) = [ -0.00320152 0.00885808 0 ];
Pos( 37,:) = [ 0.0027948 -0.0103725 19.5557 ];
Pos( 38,:) = [ 0.00332742 0.00514868 0.59994 ];
Pos( 39,:) = [ 0.0158743 -0.0135092 18.3142 ];
Pos( 40,:) = [ 0.0195909 0.0184188 0 ];
Pos( 41,:) = [ 0.010498 -0.000609458 20 ];
Pos( 42,:) = [ 0.0238929 -0.00217347 0 ];
Pos( 43,:) = [ 0.00827323 -0.00617411 20 ];
Pos( 44,:) = [ -0.0220795 -0.00829914 0 ];
Pos( 45,:) = [ -0.0117163 -0.0174898 20 ];
Pos( 46,:) = [ -0.0220665 -0.00183591 1.14796 ];
Pos( 47,:) = [ 0.0169969 0.00185452 20 ];
Pos( 48,:) = [ 0.00612916 -0.00642989 1.26032 ];
Pos( 49,:) = [ 0.00390902 -0.0126152 20 ];
Pos( 50,:) = [ -0.0391572 -0.0116848 1.49273 ];
Pos( 51,:) = [ -0.00522631 -0.00409589 20 ];
Pos( 52,:) = [ -0.0120579 -0.00564369 0 ];
Pos( 53,:) = [ 0.00264316 0.0072095 19.3163 ];
Pos( 54,:) = [ 0.00744395 0.000870546 0 ];
Pos( 55,:) = [ -0.00618334 0.000976259 20 ];
Pos( 56,:) = [ 0.0103835 -0.0136217 0 ];
Pos( 57,:) = [ -0.0133363 0.00179851 18.5703 ];
Pos( 58,:) = [ -0.0119365 0.00256104 1.54514 ];
Pos( 59,:) = [ 0.00638546 0.00865148 18.508 ];
Pos( 60,:) = [ -0.00368627 0.00190427 2.02543 ];
Pos( 61,:) = [ 0.0065325 -0.00759824 20 ];
Pos( 62,:) = [ 0.00824073 -0.00615989 0 ];
Pos( 63,:) = [ -0.00716837 0.00891213 20 ];
Pos( 64,:) = [ -0.0140615 -0.0121103 0.967013 ];
Pos( 65,:) = [ -0.00782584 -0.00909609 19.4751 ];
Pos( 66,:) = [ -0.000819951 -0.00411107 0 ];
Pos( 67,:) = [ -0.00717807 -0.00336419 20 ];
Pos( 68,:) = [ 0.00404274 -0.00908983 0 ];
Pos( 69,:) = [ 0.0145833 0.000620692 20 ];
Pos( 70,:) = [ 0.00682123 0.00241071 0.975539 ];
Pos( 71,:) = [ -0.00418937 0.00716691 20 ];
Pos( 72,:) = [ -0.0127722 -0.00401871 0 ];
Pos( 73,:) = [ -0.0380781 -0.00833927 18.4792 ];
Pos( 74,:) = [ 0.00367911 -0.00419888 0 ];
Pos( 75,:) = [ -0.00680409 0.0017393 20 ];
Pos( 76,:) = [ -0.00221283 -0.00600326 0 ];
Pos( 77,:) = [ 0.0243984 -0.0160632 20 ];
Pos( 78,:) = [ -0.0112489 -0.0126764 0 ];
Pos( 79,:) = [ -0.0107224 -0.0043164 18.8363 ];
Pos( 80,:) = [ 0.0152711 -0.0003976 0.611353 ];
Pos( 81,:) = [ -0.0104821 -0.00594886 20 ];
Pos( 82,:) = [ -0.0015373 -0.000554807 0 ];
Pos( 83,:) = [ -0.0331123 -0.00565888 17.6971 ];
Pos( 84,:) = [ -0.00267673 -0.00175716 0.618284 ];
Pos( 85,:) = [ 0.0103936 -0.0027191 20 ];
Pos( 86,:) = [ 0.0216474 -0.00667882 0 ];
Pos( 87,:) = [ -0.00572161 0.00165329 20 ];
Pos( 88,:) = [ -0.012982 -0.0037448 1.17262 ];
Pos( 89,:) = [ 0.00190124 -0.00661738 20 ];
Pos( 90,:) = [ 0.00981693 -0.0117236 0 ];
Pos( 91,:) = [ 0.00437324 0.000205328 20 ];
Pos( 92,:) = [ 0.00755492 0.00941373 1.78751 ];
Pos( 93,:) = [ 0.00862219 -0.0065829 20 ];
Pos( 94,:) = [ -0.0175793 -0.00472827 1.61045 ];
Pos( 95,:) = [ -0.00631498 -0.0113674 20 ];
Pos( 96,:) = [ 0.00145964 -0.0017649 0 ];
Pos( 97,:) = [ 0.00624943 -0.00362994 20 ];
Pos( 98,:) = [ -0.00294741 0.000856166 0 ];
Pos( 99,:) = [ 0.0109882 -0.00607145 20 ];
Pos( 100,:) = [ -0.00839413 0.0131616 1.66059 ];
Pos( 101,:) = [ 0.00320853 -0.00879976 20 ];
Pos( 102,:) = [ -0.00443306 0.00603277 0 ];
Pos( 103,:) = [ 0.000351875 -0.000838472 20 ];
Pos( 104,:) = [ 0.00539379 -0.00140379 0 ];
Pos( 105,:) = [ 0.0149214 0.0024398 20 ];
Pos( 106,:) = [ -0.0265689 -0.00107181 0.673816 ];
Pos( 107,:) = [ -0.0112359 -0.0125094 20 ];
Pos( 108,:) = [ -0.0178217 -0.00717998 0 ];
Pos( 109,:) = [ -0.0148795 -8.28644e-05 20 ];
Pos( 110,:) = [ -0.0211311 0.00320188 0 ];
Pos( 111,:) = [ -0.027693 -0.0229814 19.3472 ];
Pos( 112,:) = [ -0.0136141 -0.00588709 0 ];
Pos( 113,:) = [ -0.0119743 -0.00664142 19.297 ];
Pos( 114,:) = [ -0.0144777 0.00870945 0 ];
Pos( 115,:) = [ -0.00845063 -0.0034711 20 ];
Pos( 116,:) = [ -0.00370757 -0.0149009 0 ];
Pos( 117,:) = [ 0.0130898 -0.00432267 20 ];
Pos( 118,:) = [ -0.00360342 0.00355559 0 ];
Pos( 119,:) = [ 0.00382138 -0.00235426 19.2633 ];
Pos( 120,:) = [ -0.000909181 -0.00917902 0 ];
Pos( 121,:) = [ 0.00452397 -0.00355021 20 ];
Pos( 122,:) = [ 1.31721e-05 -0.000426343 0.878179 ];
Pos( 123,:) = [ -0.0099622 -0.0115097 20 ];
Pos( 124,:) = [ -0.00960893 -0.00737665 1.39655 ];
Pos( 125,:) = [ 0.00658389 -0.0087691 20 ];
Pos( 126,:) = [ 0.00484186 -0.00190035 1.32842 ];
Pos( 127,:) = [ -0.00577743 -0.00543369 20 ];
Pos( 128,:) = [ -0.0282884 -0.00938579 1.92767 ];
Pos( 129,:) = [ -0.0286622 -0.00176283 18.393 ];
Pos( 130,:) = [ 0.0140533 -0.00491405 0 ];
Pos( 131,:) = [ 0.00837028 0.00933402 20 ];
Pos( 132,:) = [ 0.0153643 -0.0099087 0 ];
Pos( 133,:) = [ 0.00615681 0.00102661 20 ];
Pos( 134,:) = [ 0.00731034 0.00291096 0 ];
Pos( 135,:) = [ -0.0125729 -0.00900046 20 ];
Pos( 136,:) = [ -0.00828936 -0.00656396 0 ];
Pos( 137,:) = [ 0.00707921 -0.00726869 20 ];
Pos( 138,:) = [ 0.0115479 -0.0121162 0 ];
Pos( 139,:) = [ 0.00787871 -0.0057618 18.7367 ];
Pos( 140,:) = [ -0.0065657 -0.00869647 0.738684 ];
Pos( 141,:) = [ -0.0115765 -0.0133244 20 ];
Pos( 142,:) = [ -0.00565988 -0.00391387 1.5703 ];
Pos( 143,:) = [ 0.0343962 0.000268331 20 ];
Pos( 144,:) = [ -0.00309562 -0.0162438 1.88581 ];
Pos( 145,:) = [ 0.00881846 0.000756014 20 ];
Pos( 146,:) = [ -0.0130378 0.00348098 0.955997 ];
Pos( 147,:) = [ 0.0139226 -0.013031 20 ];
Pos( 148,:) = [ 0.0205564 0.00333488 1.38136 ];
Pos( 149,:) = [ -3.41393e-05 -0.00120141 20 ];
Pos( 150,:) = [ -0.0193711 0.00348564 0 ];
Pos( 151,:) = [ -0.0167266 -0.0112984 20 ];
Pos( 152,:) = [ -0.0258794 -0.0071389 0.24731 ];
Pos( 153,:) = [ 0.0189212 -0.0213943 20 ];
Pos( 154,:) = [ -0.00105435 -0.00575909 0 ];
Pos( 155,:) = [ -0.0206096 -0.00787307 20 ];
Pos( 156,:) = [ 0.0111477 -0.0119641 0 ];
Pos( 157,:) = [ -0.0083162 0.000809552 20 ];
Pos( 158,:) = [ -0.0342164 -0.000971155 1.0889 ];
Pos( 159,:) = [ 0.0166284 -0.00262301 20 ];
Pos( 160,:) = [ -0.013963 0.000789028 0 ];
Pos( 161,:) = [ -0.00415087 -0.00798104 19.5853 ];
Pos( 162,:) = [ -0.0106425 -0.00126588 0 ];
Pos( 163,:) = [ 0.00933885 -0.0068328 20 ];
Pos( 164,:) = [ -4.15062e-05 0.00255637 0 ];
Pos( 165,:) = [ 0.030615 -0.00322848 18.7655 ];
Pos( 166,:) = [ -0.00448693 -0.00879257 0 ];
Pos( 167,:) = [ 0.00237394 -0.0154236 19.9624 ];
Pos( 168,:) = [ 0.0158296 0.000961663 0 ];
Pos( 169,:) = [ -0.00537991 -0.00687733 20 ];
Pos( 170,:) = [ -0.00821092 -0.00114972 0 ];
Pos( 171,:) = [ 0.00603462 -0.0149974 19.5531 ];
Pos( 172,:) = [ 0.00824904 0.00107585 1.16602 ];
Pos( 173,:) = [ 0.00213703 -0.001879 18.6526 ];
Pos( 174,:) = [ -0.00239322 0.00279202 1.61125 ];
Pos( 175,:) = [ -0.0259249 -0.00281706 18.6957 ];
Pos( 176,:) = [ -0.00655078 -0.0103529 0.787254 ];
