Pos( 1,:) = [ -1.49557 0.0130978 3.96638e-17 ];
