%============================================================
% Created by ERO (Standard Version)
% for the task 'Wtile_test_'.
% Wed Apr  6 08:00:16 2016
%============================================================
%
TskName= 'Wtile_test_';
CompName= 'STD';
%
iNP = 21;
dRS = 1.500;
iNEl = 2;
%
dTe = [
 +3.4683e-01 +5.2025e-01 +7.8037e-01 +1.1706e+00 +1.7558e+00 +2.6337e+00 +3.9506e+00 +5.9259e+00 +8.8889e+00 +1.3333e+01 +2.0000e+01 +3.0000e+01 +4.5000e+01 +6.7500e+01 +1.0125e+02 +1.5188e+02 +2.2781e+02 +3.4172e+02 +5.1258e+02 +7.6887e+02 +1.1533e+03
];
%
dNe = [
 +3.4683e+11 +5.2025e+11 +7.8037e+11 +1.1706e+12 +1.7558e+12 +2.6337e+12 +3.9506e+12 +5.9259e+12 +8.8889e+12 +1.3333e+13 +2.0000e+13 +3.0000e+13 +4.5000e+13 +6.7500e+13 +1.0125e+14 +1.5188e+14 +2.2781e+14 +3.4172e+14 +5.1258e+14 +7.6887e+14 +1.1533e+15
];
%


% =============== Ionization/recombination statisctics ============== 


% ------------------------ Specie #1 '_w' -------------------------- 
IRSt_ElNm{1} = '_w';
IRSt_Iz(1,:) = [
 +1.0000e+04 +8.5410e+03 +4.3570e+03 +1.7860e+03 +5.8600e+02 +1.5000e+02 +2.0000e+00 +0.0000e+00 +0.0000e+00 +0.0000e+00
];
%
IRSt_Rec(1,:) = [
 +0.0000e+00 +0.0000e+00 +1.0000e+00 +9.0000e+00 +4.9000e+01 +4.3000e+01 +0.0000e+00 +0.0000e+00 +0.0000e+00 +0.0000e+00
];
%
% =================================================================== 
%
%

%
% =============== Specie #0 '_w' ============== 
SpNm{1} = '_w';
SpNmCh{1} = '_w^{0}';
SpCh{1} = 0;
RtIz(1,:,:) = [
 +2.0430e-11 +3.0645e-11 +4.5967e-11 +4.2874e-10 +2.8379e-09 +1.1913e-08 +3.7705e-08 +8.4796e-08 +1.5003e-07 +2.2763e-07 +3.0875e-07 +3.8320e-07 +4.4175e-07 +4.7208e-07 +4.8257e-07 +4.7663e-07 +4.5677e-07 +4.2714e-07 +3.9158e-07 +3.5205e-07 +3.1230e-07
 +2.0430e-11 +3.0645e-11 +4.5967e-11 +4.2874e-10 +2.8379e-09 +1.1913e-08 +3.7705e-08 +8.4796e-08 +1.5003e-07 +2.2763e-07 +3.0875e-07 +3.8320e-07 +4.4175e-07 +4.7208e-07 +4.8257e-07 +4.7663e-07 +4.5677e-07 +4.2714e-07 +3.9158e-07 +3.5205e-07 +3.1230e-07
 +2.0430e-11 +3.0645e-11 +4.5967e-11 +4.2874e-10 +2.8379e-09 +1.1913e-08 +3.7705e-08 +8.4796e-08 +1.5003e-07 +2.2763e-07 +3.0875e-07 +3.8320e-07 +4.4175e-07 +4.7208e-07 +4.8257e-07 +4.7663e-07 +4.5677e-07 +4.2714e-07 +3.9158e-07 +3.5205e-07 +3.1230e-07
 +2.0430e-11 +3.0645e-11 +4.5967e-11 +4.2874e-10 +2.8379e-09 +1.1913e-08 +3.7705e-08 +8.4796e-08 +1.5003e-07 +2.2763e-07 +3.0875e-07 +3.8320e-07 +4.4175e-07 +4.7208e-07 +4.8257e-07 +4.7663e-07 +4.5677e-07 +4.2714e-07 +3.9158e-07 +3.5205e-07 +3.1230e-07
 +2.0430e-11 +3.0645e-11 +4.5967e-11 +4.2874e-10 +2.8379e-09 +1.1913e-08 +3.7705e-08 +8.4796e-08 +1.5003e-07 +2.2763e-07 +3.0875e-07 +3.8320e-07 +4.4175e-07 +4.7208e-07 +4.8257e-07 +4.7663e-07 +4.5677e-07 +4.2714e-07 +3.9158e-07 +3.5205e-07 +3.1230e-07
 +2.0430e-11 +3.0645e-11 +4.5967e-11 +4.2874e-10 +2.8379e-09 +1.1913e-08 +3.7705e-08 +8.4796e-08 +1.5003e-07 +2.2763e-07 +3.0875e-07 +3.8320e-07 +4.4175e-07 +4.7208e-07 +4.8257e-07 +4.7663e-07 +4.5677e-07 +4.2714e-07 +3.9158e-07 +3.5205e-07 +3.1230e-07
 +2.0430e-11 +3.0645e-11 +4.5967e-11 +4.2874e-10 +2.8379e-09 +1.1913e-08 +3.7705e-08 +8.4796e-08 +1.5003e-07 +2.2763e-07 +3.0875e-07 +3.8320e-07 +4.4175e-07 +4.7208e-07 +4.8257e-07 +4.7663e-07 +4.5677e-07 +4.2714e-07 +3.9158e-07 +3.5205e-07 +3.1230e-07
 +2.0430e-11 +3.0645e-11 +4.5967e-11 +4.2874e-10 +2.8379e-09 +1.1913e-08 +3.7705e-08 +8.4796e-08 +1.5003e-07 +2.2763e-07 +3.0875e-07 +3.8320e-07 +4.4175e-07 +4.7208e-07 +4.8257e-07 +4.7663e-07 +4.5677e-07 +4.2714e-07 +3.9158e-07 +3.5205e-07 +3.1230e-07
 +2.0430e-11 +3.0645e-11 +4.5967e-11 +4.2874e-10 +2.8379e-09 +1.1913e-08 +3.7705e-08 +8.4796e-08 +1.5003e-07 +2.2763e-07 +3.0875e-07 +3.8320e-07 +4.4175e-07 +4.7208e-07 +4.8257e-07 +4.7663e-07 +4.5677e-07 +4.2714e-07 +3.9158e-07 +3.5205e-07 +3.1230e-07
 +2.0430e-11 +3.0645e-11 +4.5967e-11 +4.2874e-10 +2.8379e-09 +1.1913e-08 +3.7705e-08 +8.4796e-08 +1.5003e-07 +2.2763e-07 +3.0875e-07 +3.8320e-07 +4.4175e-07 +4.7208e-07 +4.8257e-07 +4.7663e-07 +4.5677e-07 +4.2714e-07 +3.9158e-07 +3.5205e-07 +3.1230e-07
 +2.0430e-11 +3.0645e-11 +4.5967e-11 +4.2874e-10 +2.8379e-09 +1.1913e-08 +3.7705e-08 +8.4796e-08 +1.5003e-07 +2.2763e-07 +3.0875e-07 +3.8320e-07 +4.4175e-07 +4.7208e-07 +4.8257e-07 +4.7663e-07 +4.5677e-07 +4.2714e-07 +3.9158e-07 +3.5205e-07 +3.1230e-07
 +2.0430e-11 +3.0645e-11 +4.5967e-11 +4.2874e-10 +2.8379e-09 +1.1913e-08 +3.7705e-08 +8.4796e-08 +1.5003e-07 +2.2763e-07 +3.0875e-07 +3.8320e-07 +4.4175e-07 +4.7208e-07 +4.8257e-07 +4.7663e-07 +4.5677e-07 +4.2714e-07 +3.9158e-07 +3.5205e-07 +3.1230e-07
 +2.0430e-11 +3.0645e-11 +4.5967e-11 +4.2874e-10 +2.8379e-09 +1.1913e-08 +3.7705e-08 +8.4796e-08 +1.5003e-07 +2.2763e-07 +3.0875e-07 +3.8320e-07 +4.4175e-07 +4.7208e-07 +4.8257e-07 +4.7663e-07 +4.5677e-07 +4.2714e-07 +3.9158e-07 +3.5205e-07 +3.1230e-07
 +2.0430e-11 +3.0645e-11 +4.5967e-11 +4.2874e-10 +2.8379e-09 +1.1913e-08 +3.7705e-08 +8.4796e-08 +1.5003e-07 +2.2763e-07 +3.0875e-07 +3.8320e-07 +4.4175e-07 +4.7208e-07 +4.8257e-07 +4.7663e-07 +4.5677e-07 +4.2714e-07 +3.9158e-07 +3.5205e-07 +3.1230e-07
 +2.0430e-11 +3.0645e-11 +4.5967e-11 +4.2874e-10 +2.8379e-09 +1.1913e-08 +3.7705e-08 +8.4796e-08 +1.5003e-07 +2.2763e-07 +3.0875e-07 +3.8320e-07 +4.4175e-07 +4.7208e-07 +4.8257e-07 +4.7663e-07 +4.5677e-07 +4.2714e-07 +3.9158e-07 +3.5205e-07 +3.1230e-07
 +2.0430e-11 +3.0645e-11 +4.5967e-11 +4.2874e-10 +2.8379e-09 +1.1913e-08 +3.7705e-08 +8.4796e-08 +1.5003e-07 +2.2763e-07 +3.0875e-07 +3.8320e-07 +4.4175e-07 +4.7208e-07 +4.8257e-07 +4.7663e-07 +4.5677e-07 +4.2714e-07 +3.9158e-07 +3.5205e-07 +3.1230e-07
 +2.0430e-11 +3.0645e-11 +4.5967e-11 +4.2874e-10 +2.8379e-09 +1.1913e-08 +3.7705e-08 +8.4796e-08 +1.5003e-07 +2.2763e-07 +3.0875e-07 +3.8320e-07 +4.4175e-07 +4.7208e-07 +4.8257e-07 +4.7663e-07 +4.5677e-07 +4.2714e-07 +3.9158e-07 +3.5205e-07 +3.1230e-07
 +2.0430e-11 +3.0645e-11 +4.5967e-11 +4.2874e-10 +2.8379e-09 +1.1913e-08 +3.7705e-08 +8.4796e-08 +1.5003e-07 +2.2763e-07 +3.0875e-07 +3.8320e-07 +4.4175e-07 +4.7208e-07 +4.8257e-07 +4.7663e-07 +4.5677e-07 +4.2714e-07 +3.9158e-07 +3.5205e-07 +3.1230e-07
 +2.0430e-11 +3.0645e-11 +4.5967e-11 +4.2874e-10 +2.8379e-09 +1.1913e-08 +3.7705e-08 +8.4796e-08 +1.5003e-07 +2.2763e-07 +3.0875e-07 +3.8320e-07 +4.4175e-07 +4.7208e-07 +4.8257e-07 +4.7663e-07 +4.5677e-07 +4.2714e-07 +3.9158e-07 +3.5205e-07 +3.1230e-07
 +2.0430e-11 +3.0645e-11 +4.5967e-11 +4.2874e-10 +2.8379e-09 +1.1913e-08 +3.7705e-08 +8.4796e-08 +1.5003e-07 +2.2763e-07 +3.0875e-07 +3.8320e-07 +4.4175e-07 +4.7208e-07 +4.8257e-07 +4.7663e-07 +4.5677e-07 +4.2714e-07 +3.9158e-07 +3.5205e-07 +3.1230e-07
 +2.0430e-11 +3.0645e-11 +4.5967e-11 +4.2874e-10 +2.8379e-09 +1.1913e-08 +3.7705e-08 +7.8944e-08 +7.8944e-08 +7.8944e-08 +7.8944e-08 +7.8944e-08 +7.8944e-08 +7.8944e-08 +7.8944e-08 +7.8944e-08 +7.8944e-08 +7.8944e-08 +7.8944e-08 +7.8944e-08 +7.8944e-08
];
%
