% Physical constants [SI Units]

ME = 9.10938356e-31;
MI = 1.6737236e-27;
Q = 1.60217662e-19;