
% Physical constants [SI Units]


global ME MI Q EPS0;

ME = 9.10938356e-31;
MI = 1.6737236e-27;
Q = 1.60217662e-19;
EPS0 = 8.854187e-12;


