%Define some constants
e0 = 8.85e-12;
me = 9.11e-31;
mi = 1.66e-27;
q = 1.602e-19;
