Pos( 1,:) = [ 205.147 77.5656 -48.3711 ];
Pos( 2,:) = [ 195.678 -75.0912 39.5889 ];
Pos( 3,:) = [ 188.319 67.1829 -4.37079 ];
Pos( 4,:) = [ 233.668 -13.1932 -17.084 ];
Pos( 5,:) = [ 166.346 38.7844 8.41765 ];
Pos( 6,:) = [ 1.27969 8.77127 1 ];
Pos( 7,:) = [ 244.679 -20.6231 41.9087 ];
Pos( 8,:) = [ 229.744 26.2402 78.8114 ];
Pos( 9,:) = [ 174.891 -20.9279 -58.3204 ];
Pos( 10,:) = [ 258.663 -19.7575 6.62309 ];
Pos( 11,:) = [ 225.976 -32.3791 41.3282 ];
Pos( 12,:) = [ 220.691 -36.2927 -39.2427 ];
Pos( 13,:) = [ 220.138 50.5694 13.57 ];
Pos( 14,:) = [ 1 -0.132726 0.390944 ];
Pos( 15,:) = [ 195.887 -23.4193 -58.8041 ];
Pos( 16,:) = [ 157.065 -23.5521 -16.0944 ];
Pos( 17,:) = [ 199.954 -44.3212 12.1955 ];
Pos( 18,:) = [ 194.804 -13.4292 -21.9266 ];
Pos( 19,:) = [ 1 0.38853 0.825971 ];
Pos( 20,:) = [ 183.02 -7.14874 -18.5 ];
Pos( 21,:) = [ 193.252 -23.3976 46.3528 ];
Pos( 22,:) = [ 219.301 36.9378 25.9998 ];
Pos( 23,:) = [ 211.119 23.3948 67.2323 ];
Pos( 24,:) = [ 224.863 -12.1608 11.3316 ];
Pos( 25,:) = [ 113.119 -53.5942 -23.0785 ];
Pos( 26,:) = [ 190.5 22.7268 18.458 ];
Pos( 27,:) = [ 248.225 22.9332 -12.5459 ];
Pos( 28,:) = [ 165.003 -4.62991 10.0326 ];
Pos( 29,:) = [ 209.938 -76.1582 -19.9931 ];
Pos( 30,:) = [ 234.195 4.52195 -2.68424 ];
Pos( 31,:) = [ 188.678 8.83598 -29.6125 ];
Pos( 32,:) = [ 169.219 -24.2647 -11.4985 ];
Pos( 33,:) = [ 1 3.82618 0.825654 ];
Pos( 34,:) = [ 241.256 -16.2982 -0.0224544 ];
Pos( 35,:) = [ 1 1.02889 0.109182 ];
Pos( 36,:) = [ 1 0.166408 0.206777 ];
Pos( 37,:) = [ 158.932 -39.3548 32.7047 ];
Pos( 38,:) = [ 198.296 -30.0603 51.071 ];
Pos( 39,:) = [ 1 0.825144 0.624574 ];
Pos( 40,:) = [ 1 -2.4416 0.753851 ];
Pos( 41,:) = [ 1 0.487905 0.598114 ];
Pos( 42,:) = [ 1 0.297734 0.954562 ];
Pos( 43,:) = [ 189.72 -6.23163 -51.4785 ];
Pos( 44,:) = [ 220.29 60.6808 12.7246 ];
Pos( 45,:) = [ 158.211 49.1818 11.3104 ];
Pos( 46,:) = [ 1 0.643434 0.429152 ];
Pos( 47,:) = [ 183.153 16.1922 42.0065 ];
Pos( 48,:) = [ 213.463 30.9208 6.13555 ];
Pos( 49,:) = [ 224.324 -32.239 11.3889 ];
Pos( 50,:) = [ 213.226 37.7096 35.2422 ];
Pos( 51,:) = [ 1 -0.376514 0.591057 ];
Pos( 52,:) = [ 1 1.64164 0.57342 ];
Pos( 53,:) = [ 1 0.399011 0.373703 ];
Pos( 54,:) = [ 1 1.52756 0.979873 ];
Pos( 55,:) = [ 189.932 -76.4829 4.01461 ];
Pos( 56,:) = [ 242.622 -26.7983 57.3382 ];
Pos( 57,:) = [ 222.166 12.8355 91.3889 ];
Pos( 58,:) = [ 233.055 -2.86831 -59.8218 ];
Pos( 59,:) = [ 1 0.14619 0.387613 ];
Pos( 60,:) = [ 226.97 -77.3858 53.1016 ];
Pos( 61,:) = [ 187.161 22.6576 23.6651 ];
Pos( 62,:) = [ 190.824 -11.5767 0.917094 ];
Pos( 63,:) = [ 209.424 -16.344 36.2961 ];
Pos( 64,:) = [ 153.29 -24.7495 37.011 ];
Pos( 65,:) = [ 210.396 -107.041 -18.8539 ];
Pos( 66,:) = [ 235.821 -57.151 -2.37243 ];
Pos( 67,:) = [ 1 -0.267003 0.403767 ];
Pos( 68,:) = [ 1.05736 -0.588789 1 ];
Pos( 69,:) = [ 164.036 -4.5648 -39.5057 ];
Pos( 70,:) = [ 164.442 -8.50514 -7.03209 ];
Pos( 71,:) = [ 1.88453 4.2722 0 ];
Pos( 72,:) = [ 194.464 15.4291 -22.1774 ];
Pos( 73,:) = [ 188.332 -38.2927 8.42343 ];
Pos( 74,:) = [ 155.79 -4.58126 -37.5766 ];
Pos( 75,:) = [ 1.52807 -10.0778 1 ];
Pos( 76,:) = [ 1 1.04639 0.306937 ];
Pos( 77,:) = [ 229.025 2.17165 16.3283 ];
Pos( 78,:) = [ 215.875 34.0442 5.54677 ];
Pos( 79,:) = [ 234.173 -53.8004 -92.8271 ];
Pos( 80,:) = [ 197.886 -26.9329 -1.52381 ];
Pos( 81,:) = [ 215.384 -2.48036 12.4722 ];
Pos( 82,:) = [ 224.872 13.3119 10.8243 ];
Pos( 83,:) = [ 198.076 13.6796 6.85294 ];
Pos( 84,:) = [ 165.062 6.42751 56.7034 ];
Pos( 85,:) = [ 185.627 -4.14396 66.6678 ];
Pos( 86,:) = [ 230.637 26.735 9.8644 ];
Pos( 87,:) = [ 231.12 34.239 35.7766 ];
Pos( 88,:) = [ 270.512 -12.6526 22.925 ];
Pos( 89,:) = [ 114.909 55.4398 -5.9859 ];
Pos( 90,:) = [ 214.09 -9.92015 71.1607 ];
Pos( 91,:) = [ 1 -0.195874 0.302067 ];
Pos( 92,:) = [ 194.718 -20.6849 8.19633 ];
Pos( 93,:) = [ 259.84 15.288 -42.9434 ];
Pos( 94,:) = [ 184.282 39.2705 14.7508 ];
Pos( 95,:) = [ 165.215 24.7128 -40.8865 ];
Pos( 96,:) = [ 236.602 -54.8014 80.6542 ];
Pos( 97,:) = [ 1 -0.193554 0.491947 ];
Pos( 98,:) = [ 194.951 -94.5556 -9.78531 ];
Pos( 99,:) = [ 179.353 -23.367 -30.3831 ];
Pos( 100,:) = [ 228.779 37.0209 7.78839 ];
Pos( 101,:) = [ 222.383 18.7284 -41.3009 ];
Pos( 102,:) = [ 135.914 9.43185 63.9482 ];
Pos( 103,:) = [ 1 -0.930669 0.210123 ];
Pos( 104,:) = [ 1 -0.42068 0.0308855 ];
Pos( 105,:) = [ 189.857 36.4073 72.1735 ];
Pos( 106,:) = [ 175.701 43.1418 3.72078 ];
Pos( 107,:) = [ 176.75 44.5701 48.0704 ];
Pos( 108,:) = [ 203.543 12.4062 31.1191 ];
Pos( 109,:) = [ 1 0.541185 0.120655 ];
Pos( 110,:) = [ 200.915 32.0542 53.4867 ];
Pos( 111,:) = [ 252.711 13.3301 3.22012 ];
Pos( 112,:) = [ 230.686 -2.92329 -35.8763 ];
Pos( 113,:) = [ 177.074 49.0187 -52.7287 ];
Pos( 114,:) = [ 1 -0.46787 0.948609 ];
Pos( 115,:) = [ 250.062 -21.7187 5.16193 ];
Pos( 116,:) = [ 149.384 23.6742 4.87715 ];
Pos( 117,:) = [ 188.433 42.4592 17.9369 ];
Pos( 118,:) = [ 204.652 15.3698 57.2793 ];
Pos( 119,:) = [ 1 -0.491102 0.674406 ];
Pos( 120,:) = [ 183.203 6.00422 27.3505 ];
Pos( 121,:) = [ 192.503 -55.58 26.0404 ];
Pos( 122,:) = [ 206.013 -41.3243 -62.1255 ];
Pos( 123,:) = [ 198.439 -8.99355 -59.5506 ];
Pos( 124,:) = [ 247.126 23.9811 2.0365 ];
Pos( 125,:) = [ 184.343 23.7875 37.9122 ];
Pos( 126,:) = [ 222.221 24.3755 18.7369 ];
Pos( 127,:) = [ 202.748 29.8973 -4.87837 ];
Pos( 128,:) = [ 233.585 -35.7434 -48.6559 ];
Pos( 129,:) = [ 1 -1.63324 0.973162 ];
Pos( 130,:) = [ 150.441 -30.5804 14.6069 ];
Pos( 131,:) = [ 1.87578 -1.47381 0 ];
Pos( 132,:) = [ 176.264 50.9362 -31.0779 ];
Pos( 133,:) = [ 237.197 40.8137 -8.24307 ];
Pos( 134,:) = [ 161.21 20.8427 -8.94134 ];
Pos( 135,:) = [ 244.143 42.364 -23.0853 ];
Pos( 136,:) = [ 187.185 -7.45564 -18.9426 ];
Pos( 137,:) = [ 190.716 5.76363 29.7772 ];
Pos( 138,:) = [ 177.606 39.5613 40.0382 ];
Pos( 139,:) = [ 293.659 7.86917 3.97217 ];
Pos( 140,:) = [ 234.752 -15.1512 -18.5615 ];
Pos( 141,:) = [ 1 -0.234892 0.775075 ];
Pos( 142,:) = [ 205.332 -40.1797 5.37662 ];
Pos( 143,:) = [ 214.262 -42.1802 62.0287 ];
Pos( 144,:) = [ 165.523 -27.0732 -24.2836 ];
Pos( 145,:) = [ 237.371 -56.5958 -20.8715 ];
Pos( 146,:) = [ 1.39784 1.93553 1 ];
Pos( 147,:) = [ 226.409 22.964 -30.2185 ];
Pos( 148,:) = [ 132.907 -18.8778 17.5709 ];
Pos( 149,:) = [ 1 -1.29139 0.170284 ];
Pos( 150,:) = [ 239.685 29.8917 -0.0551334 ];
Pos( 151,:) = [ 209.188 26.405 -34.6109 ];
Pos( 152,:) = [ 1 -0.24171 0.800549 ];
Pos( 153,:) = [ 1 -0.649673 0.485706 ];
Pos( 154,:) = [ 172.384 -9.19524 46.0064 ];
Pos( 155,:) = [ 200.239 -53.5738 37.3469 ];
Pos( 156,:) = [ 182.6 1.92878 24.1918 ];
Pos( 157,:) = [ 136.406 5.45059 -13.8995 ];
Pos( 158,:) = [ 219.425 -0.241632 20.3265 ];
Pos( 159,:) = [ 130.255 -36.4584 21.887 ];
Pos( 160,:) = [ 206.53 -62.0933 8.80243 ];
Pos( 161,:) = [ 224.77 48.5687 -8.41128 ];
Pos( 162,:) = [ 190.625 71.5331 36.3411 ];
Pos( 163,:) = [ 183.119 -7.74681 14.1888 ];
Pos( 164,:) = [ 189.252 -14.1784 -25.5916 ];
Pos( 165,:) = [ 206.34 -10.8484 -39.9276 ];
Pos( 166,:) = [ 198.945 -34.5527 46.4709 ];
Pos( 167,:) = [ 235.53 39.8027 30.1602 ];
Pos( 168,:) = [ 1 0.434369 0.666746 ];
Pos( 169,:) = [ 188.758 36.3513 -7.54348 ];
Pos( 170,:) = [ 1 -16.9757 0.591509 ];
Pos( 171,:) = [ 215.588 -14.0927 22.775 ];
Pos( 172,:) = [ 1 0.0752344 0.322746 ];
Pos( 173,:) = [ 168.581 -20.6912 -51.3963 ];
Pos( 174,:) = [ 1 -0.103213 0.0805263 ];
Pos( 175,:) = [ 165.2 4.89724 41.3941 ];
Pos( 176,:) = [ 257.931 -43.2837 -50.4459 ];
Pos( 177,:) = [ 214.004 15.9038 7.99439 ];
Pos( 178,:) = [ 186.874 34.1509 -5.74307 ];
Pos( 179,:) = [ 209.581 -9.41016 -10.986 ];
Pos( 180,:) = [ 200.044 32.505 30.056 ];
Pos( 181,:) = [ 1 1.17804 0.302934 ];
Pos( 182,:) = [ 157.891 -22.3741 17.0982 ];
Pos( 183,:) = [ 164.689 8.45402 16.9128 ];
Pos( 184,:) = [ 175.529 7.37244 69.0193 ];
Pos( 185,:) = [ 232.578 48.0211 -0.765443 ];
Pos( 186,:) = [ 193.416 2.49351 4.03634 ];
Pos( 187,:) = [ 1 -2.31198 0.425055 ];
Pos( 188,:) = [ 176.903 14.2031 41.7541 ];
Pos( 189,:) = [ 1 -1.24282 0.510428 ];
Pos( 190,:) = [ 1 -3.37485 0.440393 ];
