geom = 
{ 
   x1 = [-3.000000,-3.000000,3.000000,3.000000 ] 
   z1 = [0.000000,20.000000,20.000000,0.000000 ] 
   x2 = [-3.000000,3.000000,3.000000,-3.000000 ] 
   z2 = [20.000000,20.000000,0.000000,0.000000 ] 
   slope = [1000000000000.000000,0.000000,-1000000000000.000000,0.000000 ] 
   intercept = [1000000000000.000000,20.000000,1000000000000.000000,0.000000 ] 
   length = [20.000000,6.000000,20.000000,6.000000 ] 
   Z = [74.000000,74.000000,0.000000,0.000000,0.000000 ] 
   surface = [1,1,0,0,0 ] 
   inDir = [1,1,1,1 ] 
   y1 = -3.000000 ; 
   y2 = 3.000000 ; 
   periodic = 0 ; 
}