geom = 
{ 
   x1 = [0.000000e+00,2.000000e-01,2.000000e-01 ] 
   z1 = [-3.141593e-01,-3.141593e-01,3.141593e-01 ] 
   x2 = [2.000000e-01,2.000000e-01,0.000000e+00 ] 
   z2 = [-3.141593e-01,3.141593e-01,3.141593e-01 ] 
   slope = [0.000000e+00,1.000000e+12,0.000000e+00 ] 
   intercept = [-3.141593e-01,1.000000e+12,3.141593e-01 ] 
   length = [2.000000e-01,6.283185e-01,2.000000e-01 ] 
   Z = [0.000000e+00,0.000000e+00,0.000000e+00,0.000000e+00,0.000000e+00 ] 
   y1 = 0.000000e+00  
   y2 = 0.000000e+00  
   periodic = 0  
}
