geom(1,:) = [1, 0, 2, 0, 0, 0, 1, 74];
geom(2,:) = [2, 0, 2, 1, 1e+12, 1e+12, 1, 74];
geom(3,:) = [2, 1, 1, 1, 0, 1, 1, 74];
geom(4,:) = [1, 1, 1, 0, -1e+12, 1e+12, 1, 74];
