geom(1,:) = [-3, 0, 0, 0, 0, 0, 0.3, 0];
geom(2,:) = [0, 0, 3, 0, 0, 0, 0.3, 0];
geom(3,:) = [3, 0, 3, 2, 1e+12, -1e+12, 2, 0];
geom(4,:) = [3, 2, 0, 2, 0, 2, 2, 0];
geom(5,:) = [0, 2, -3, 2, 0, 2, 0.3, 0];
geom(6,:) = [-3, 2, -3, 0, -1e+12, -1e+12, 0.3, 0];
