geom = 
{ 
   x1 = [0.000000,0.025000,0.025000,0.076000,0.076000 ] 
   z1 = [0.000000,0.000000,-0.050000,-0.050000,0.200000 ] 
   x2 = [0.025000,0.025000,0.076000,0.076000,0.000000 ] 
   z2 = [0.000000,-0.050000,-0.050000,0.200000,0.200000 ] 
   slope = [0.000000,-1000000000000.000000,0.000000,1000000000000.000000,0.000000 ] 
   intercept = [0.000000,1000000000000.000000,-0.050000,1000000000000.000000,0.200000 ] 
   length = [0.025000,0.050000,0.051000,0.250000,0.076000 ] 
   Z = [74.000000,0.000000,0.000000,0.000000,0.000000,0.000000,0.000000 ] 
   y1 = -0.100000;
   y2 = 0.100000; 
   periodic = 0;
}
