answer = 
{   
  x=1.5000093;
  y=1.3228651;
  z=0.5;
  r=2.0;
  charge=0;
}
