geom(1,:) = [-0.03, 0.03, 0.03, 0.03, 0, 0.03, 0.06, 74];
geom(2,:) = [0.03, 0.03, 0.03, 0.015, -1e+12, 1e+12, 0.015, 74];
geom(3,:) = [0.03, 0.015, 0.029118, 0.014559, 0.5, -0, 0.000987, 74];
geom(4,:) = [0.029118, 0.014559, 0.028235, 0.014118, 0.5, -0, 0.000987, 74];
geom(5,:) = [0.028235, 0.014118, 0.027353, 0.013676, 0.5, -0, 0.000987, 74];
geom(6,:) = [0.027353, 0.013676, 0.026471, 0.013235, 0.5, -0, 0.000987, 74];
geom(7,:) = [0.026471, 0.013235, 0.025588, 0.012794, 0.5, -0, 0.000987, 74];
geom(8,:) = [0.025588, 0.012794, 0.024706, 0.012353, 0.5, -0, 0.000987, 74];
geom(9,:) = [0.024706, 0.012353, 0.023824, 0.011912, 0.5, -0, 0.000987, 74];
geom(10,:) = [0.023824, 0.011912, 0.022941, 0.011471, 0.5, -0, 0.000987, 74];
geom(11,:) = [0.022941, 0.011471, 0.022059, 0.011029, 0.5, -0, 0.000987, 74];
geom(12,:) = [0.022059, 0.011029, 0.021176, 0.010588, 0.5, -0, 0.000987, 74];
geom(13,:) = [0.021176, 0.010588, 0.020294, 0.010147, 0.5, -0, 0.000987, 74];
geom(14,:) = [0.020294, 0.010147, 0.019412, 0.009706, 0.5, -0, 0.000987, 74];
geom(15,:) = [0.019412, 0.009706, 0.018529, 0.009265, 0.5, -0, 0.000987, 74];
geom(16,:) = [0.018529, 0.009265, 0.017647, 0.008824, 0.5, -0, 0.000987, 74];
geom(17,:) = [0.017647, 0.008824, 0.016765, 0.008382, 0.5, -0, 0.000987, 74];
geom(18,:) = [0.016765, 0.008382, 0.015882, 0.007941, 0.5, -0, 0.000987, 74];
geom(19,:) = [0.015882, 0.007941, 0.015, 0.0075, 0.5, 0, 0.000987, 74];
geom(20,:) = [0.015, 0.0075, 0.014118, 0.007059, 0.5, -0, 0.000987, 74];
geom(21,:) = [0.014118, 0.007059, 0.013235, 0.006618, 0.5, -0, 0.000987, 74];
geom(22,:) = [0.013235, 0.006618, 0.012353, 0.006176, 0.5, -0, 0.000987, 74];
geom(23,:) = [0.012353, 0.006176, 0.011471, 0.005735, 0.5, -0, 0.000987, 74];
geom(24,:) = [0.011471, 0.005735, 0.010588, 0.005294, 0.5, -0, 0.000987, 74];
geom(25,:) = [0.010588, 0.005294, 0.009706, 0.004853, 0.5, -0, 0.000987, 74];
geom(26,:) = [0.009706, 0.004853, 0.008824, 0.004412, 0.5, -0, 0.000987, 74];
geom(27,:) = [0.008824, 0.004412, 0.007941, 0.003971, 0.5, -0, 0.000987, 74];
geom(28,:) = [0.007941, 0.003971, 0.007059, 0.003529, 0.5, 0, 0.000987, 74];
geom(29,:) = [0.007059, 0.003529, 0.006176, 0.003088, 0.5, -0, 0.000987, 74];
geom(30,:) = [0.006176, 0.003088, 0.005294, 0.002647, 0.5, -0, 0.000987, 74];
geom(31,:) = [0.005294, 0.002647, 0.004412, 0.002206, 0.5, -0, 0.000987, 74];
geom(32,:) = [0.004412, 0.002206, 0.003529, 0.001765, 0.5, 0, 0.000987, 74];
geom(33,:) = [0.003529, 0.001765, 0.002647, 0.001324, 0.5, -0, 0.000987, 74];
geom(34,:) = [0.002647, 0.001324, 0.001765, 0.000882, 0.5, 0, 0.000987, 74];
geom(35,:) = [0.001765, 0.000882, 0.000882, 0.000441, 0.5, 0, 0.000987, 74];
geom(36,:) = [0.000882, 0.000441, 0, 0, 0.5, 0, 0.000987, 74];
geom(37,:) = [0, 0, -0.000882, -0.000441, 0.5, 0, 0.000987, 74];
geom(38,:) = [-0.000882, -0.000441, -0.001765, -0.000882, 0.5, 0, 0.000987, 74];
geom(39,:) = [-0.001765, -0.000882, -0.002647, -0.001324, 0.5, -0, 0.000987, 74];
geom(40,:) = [-0.002647, -0.001324, -0.003529, -0.001765, 0.5, 0, 0.000987, 74];
geom(41,:) = [-0.003529, -0.001765, -0.004412, -0.002206, 0.5, -0, 0.000987, 74];
geom(42,:) = [-0.004412, -0.002206, -0.005294, -0.002647, 0.5, 0, 0.000987, 74];
geom(43,:) = [-0.005294, -0.002647, -0.006176, -0.003088, 0.5, 0, 0.000987, 74];
geom(44,:) = [-0.006176, -0.003088, -0.007059, -0.003529, 0.5, 0, 0.000987, 74];
geom(45,:) = [-0.007059, -0.003529, -0.007941, -0.003971, 0.5, -0, 0.000987, 74];
geom(46,:) = [-0.007941, -0.003971, -0.008824, -0.004412, 0.5, 0, 0.000987, 74];
geom(47,:) = [-0.008824, -0.004412, -0.009706, -0.004853, 0.5, 0, 0.000987, 74];
geom(48,:) = [-0.009706, -0.004853, -0.010588, -0.005294, 0.5, 0, 0.000987, 74];
geom(49,:) = [-0.010588, -0.005294, -0.011471, -0.005735, 0.5, 0, 0.000987, 74];
geom(50,:) = [-0.011471, -0.005735, -0.012353, -0.006176, 0.5, 0, 0.000987, 74];
geom(51,:) = [-0.012353, -0.006176, -0.013235, -0.006618, 0.5, 0, 0.000987, 74];
geom(52,:) = [-0.013235, -0.006618, -0.014118, -0.007059, 0.5, 0, 0.000987, 74];
geom(53,:) = [-0.014118, -0.007059, -0.015, -0.0075, 0.5, 0, 0.000987, 74];
geom(54,:) = [-0.015, -0.0075, -0.015882, -0.007941, 0.5, -0, 0.000987, 74];
geom(55,:) = [-0.015882, -0.007941, -0.016765, -0.008382, 0.5, 0, 0.000987, 74];
geom(56,:) = [-0.016765, -0.008382, -0.017647, -0.008824, 0.5, 0, 0.000987, 74];
geom(57,:) = [-0.017647, -0.008824, -0.018529, -0.009265, 0.5, 0, 0.000987, 74];
geom(58,:) = [-0.018529, -0.009265, -0.019412, -0.009706, 0.5, 0, 0.000987, 74];
geom(59,:) = [-0.019412, -0.009706, -0.020294, -0.010147, 0.5, 0, 0.000987, 74];
geom(60,:) = [-0.020294, -0.010147, -0.021176, -0.010588, 0.5, 0, 0.000987, 74];
geom(61,:) = [-0.021176, -0.010588, -0.022059, -0.011029, 0.5, 0, 0.000987, 74];
geom(62,:) = [-0.022059, -0.011029, -0.022941, -0.011471, 0.5, 0, 0.000987, 74];
geom(63,:) = [-0.022941, -0.011471, -0.023824, -0.011912, 0.5, 0, 0.000987, 74];
geom(64,:) = [-0.023824, -0.011912, -0.024706, -0.012353, 0.5, 0, 0.000987, 74];
geom(65,:) = [-0.024706, -0.012353, -0.025588, -0.012794, 0.5, 0, 0.000987, 74];
geom(66,:) = [-0.025588, -0.012794, -0.026471, -0.013235, 0.5, 0, 0.000987, 74];
geom(67,:) = [-0.026471, -0.013235, -0.027353, -0.013676, 0.5, 0, 0.000987, 74];
geom(68,:) = [-0.027353, -0.013676, -0.028235, -0.014118, 0.5, 0, 0.000987, 74];
geom(69,:) = [-0.028235, -0.014118, -0.029118, -0.014559, 0.5, 0, 0.000987, 74];
geom(70,:) = [-0.029118, -0.014559, -0.03, -0.015, 0.5, 0, 0.000987, 74];
geom(71,:) = [-0.03, -0.015, -0.03, 0.03, 1e+12, 1e+12, 0.045, 0];
