Pos( 1,:) = [ -0.00506798 -0.0145116 1.13767 ];
Pos( 2,:) = [ 0.00628518 0.00224217 2 ];
Pos( 3,:) = [ 0.0144189 0.0128592 2 ];
Pos( 4,:) = [ 0.00149603 0.0100296 1.01285 ];
Pos( 5,:) = [ -0.0193337 0.00665397 1.77324 ];
Pos( 6,:) = [ -0.00465574 -0.00275269 1.59959 ];
Pos( 7,:) = [ -0.0249995 -0.00262859 1.83024 ];
Pos( 8,:) = [ 0.0103573 0.000204563 0.961362 ];
Pos( 9,:) = [ 0.0206291 -0.00463252 2 ];
Pos( 10,:) = [ 0.00182886 -0.00153715 0.919764 ];
Pos( 11,:) = [ 0.0196717 -0.000805242 0 ];
Pos( 12,:) = [ 0.00587827 -0.00294126 1.66213 ];
Pos( 13,:) = [ -0.00532932 -0.00370335 1.97944 ];
Pos( 14,:) = [ -0.0154022 -0.0027719 1.40229 ];
Pos( 15,:) = [ 0.022814 0.00473361 1.77843 ];
Pos( 16,:) = [ 0.0113361 0.00417727 1.39831 ];
Pos( 17,:) = [ -0.00233829 -0.00277034 1.39657 ];
Pos( 18,:) = [ 0.0107651 0.00119999 0.955506 ];
Pos( 19,:) = [ -0.00189188 0.000894791 0 ];
Pos( 20,:) = [ 0.00170002 0.000129762 1.05323 ];
Pos( 21,:) = [ -0.00580772 0.01221 1.05622 ];
Pos( 22,:) = [ 0.00443159 -0.00544146 1.87359 ];
Pos( 23,:) = [ 0.0220305 -0.00946474 1.50134 ];
Pos( 24,:) = [ 0.00827209 -0.0047567 1.85781 ];
Pos( 25,:) = [ 0.000670781 0.000389638 1.75949 ];
Pos( 26,:) = [ 0.0239336 0.00338426 1.53389 ];
Pos( 27,:) = [ 0.0134668 0.00105496 2 ];
Pos( 28,:) = [ -0.0157829 0.000122308 0.971205 ];
Pos( 29,:) = [ -0.012731 0.00227948 0 ];
Pos( 30,:) = [ -0.0114112 0.0026431 1.6458 ];
Pos( 31,:) = [ -0.0183878 0.00251349 1.43167 ];
Pos( 32,:) = [ -0.00874877 -0.00125621 1.66914 ];
Pos( 33,:) = [ 0.00261906 0.000839532 1.73063 ];
Pos( 34,:) = [ -0.00039779 -0.00661309 1.04126 ];
Pos( 35,:) = [ 0.0141129 -0.00562376 1.80501 ];
Pos( 36,:) = [ 0.0169428 0.016325 2 ];
Pos( 37,:) = [ 0.0108761 -0.00405579 1.07027 ];
Pos( 38,:) = [ 0.0189562 -0.00465382 2 ];
Pos( 39,:) = [ -0.00120921 0.00578773 1.88034 ];
Pos( 40,:) = [ 0.0102592 -0.0094257 1.93271 ];
Pos( 41,:) = [ 0.017664 0.00180891 1.03673 ];
Pos( 42,:) = [ 0.0268013 -0.0100814 1.52367 ];
Pos( 43,:) = [ -0.00472023 -0.00839846 1.43086 ];
Pos( 44,:) = [ 0.00849656 0.00182042 1.51007 ];
Pos( 45,:) = [ 0.0150814 -0.00807172 2 ];
Pos( 46,:) = [ -0.00698775 -0.00849904 1.37088 ];
Pos( 47,:) = [ 0.0209694 -0.00573431 2 ];
Pos( 48,:) = [ -0.00949363 -0.00205165 1.7305 ];
Pos( 49,:) = [ 0.00378962 -0.00459511 1.71996 ];
Pos( 50,:) = [ 0.00713025 -0.0025262 0.838508 ];
Pos( 51,:) = [ 0.0056643 -0.00932774 0 ];
Pos( 52,:) = [ -0.010938 0.00785062 1.35731 ];
Pos( 53,:) = [ -0.00541056 0.00292127 2 ];
Pos( 54,:) = [ -0.0202565 0.00235355 0.9835 ];
Pos( 55,:) = [ -0.00289586 0.0139497 1.56229 ];
Pos( 56,:) = [ 0.00609168 0.00785452 0.30117 ];
Pos( 57,:) = [ -0.00329549 -0.011326 1.01967 ];
Pos( 58,:) = [ 0.00288085 -0.00252677 2 ];
Pos( 59,:) = [ -0.0156365 0.00403285 2 ];
Pos( 60,:) = [ -0.000334582 0.00889128 2 ];
Pos( 61,:) = [ -0.00652219 0.00609277 1.40365 ];
Pos( 62,:) = [ -0.00101459 -0.00958588 1.15209 ];
Pos( 63,:) = [ 0.016727 0.00444121 1.83797 ];
Pos( 64,:) = [ 0.0172917 0.00310499 0 ];
Pos( 65,:) = [ -0.00739489 -0.00754378 1.04334 ];
Pos( 66,:) = [ 0.00130025 0.000418225 1.11661 ];
Pos( 67,:) = [ -0.00589165 -0.0096039 0.766154 ];
Pos( 68,:) = [ 0.0103284 -0.00608203 0.782728 ];
Pos( 69,:) = [ 0.0162577 -0.00574974 1.52234 ];
Pos( 70,:) = [ -0.00955609 0.0040462 1.26963 ];
Pos( 71,:) = [ 0.000944995 0.0202953 1.01783 ];
Pos( 72,:) = [ 0.00362135 0.00211267 1.7409 ];
Pos( 73,:) = [ -0.0124421 0.0120246 2 ];
Pos( 74,:) = [ -0.0056193 -0.00689419 2 ];
Pos( 75,:) = [ -0.0109472 0.00640619 1.23499 ];
Pos( 76,:) = [ -0.000589442 -0.00845391 1.31569 ];
Pos( 77,:) = [ 0.0252434 -0.0106033 0.664714 ];
Pos( 78,:) = [ 0.00683829 -0.00576963 1.87675 ];
Pos( 79,:) = [ 0.0102369 0.000551504 0 ];
Pos( 80,:) = [ 0.0189729 -0.00168238 0 ];
Pos( 81,:) = [ 0.000901849 -0.00383032 0.979443 ];
Pos( 82,:) = [ 0.0240749 0.00611102 2 ];
Pos( 83,:) = [ 0.0045908 0.00142195 0.996217 ];
Pos( 84,:) = [ -0.00862728 0.00948785 1.29871 ];
Pos( 85,:) = [ -0.0195173 -0.009769 1.12325 ];
Pos( 86,:) = [ -0.0103832 -0.00579836 -1.86265e-09 ];
Pos( 87,:) = [ 0.0147546 -0.00183215 1.71352 ];
Pos( 88,:) = [ 0.00159233 0.00143248 0.552027 ];
Pos( 89,:) = [ 0.0132622 0.000560045 0.912684 ];
Pos( 90,:) = [ -0.0130375 -0.0139318 0.889581 ];
Pos( 91,:) = [ 0.00622734 0.0089975 1.0382 ];
Pos( 92,:) = [ -0.0175937 -0.00441454 0.533228 ];
Pos( 93,:) = [ -0.0174717 0.0108081 2 ];
Pos( 94,:) = [ -0.0104742 0.00257014 2 ];
Pos( 95,:) = [ 0.0104082 0.00176183 0 ];
Pos( 96,:) = [ -0.00744989 -0.00690741 2 ];
Pos( 97,:) = [ -0.00837917 0.0137017 1.44436 ];
Pos( 98,:) = [ -0.0138076 -0.00200577 0 ];
Pos( 99,:) = [ -0.0102984 -0.00586522 1.7626 ];
Pos( 100,:) = [ 0.0158163 0.00147086 0 ];
Pos( 101,:) = [ 0.00519543 0.00304514 1.03198 ];
Pos( 102,:) = [ 0.00255156 0.000436622 0 ];
Pos( 103,:) = [ 0.00233237 -0.0106654 1.63238 ];
Pos( 104,:) = [ 0.000485735 -0.000602734 2 ];
Pos( 105,:) = [ 0.00673691 -0.000170186 1.66603 ];
Pos( 106,:) = [ -0.00274644 0.0077173 2 ];
Pos( 107,:) = [ -0.00227521 0.0106571 1.14861 ];
Pos( 108,:) = [ 0.0105145 -0.0102813 0.782488 ];
Pos( 109,:) = [ -0.0157087 -0.00167411 1.62246 ];
Pos( 110,:) = [ -0.00741056 0.00018237 0 ];
Pos( 111,:) = [ 0.0106282 -0.00341684 1.15239 ];
Pos( 112,:) = [ -0.0103697 -0.00514608 0.988718 ];
Pos( 113,:) = [ 0.00600382 -0.00598791 2 ];
Pos( 114,:) = [ -0.000919597 0.000983667 1.55559 ];
Pos( 115,:) = [ -0.0164654 -0.00781308 1.81427 ];
Pos( 116,:) = [ -0.00640028 0.00457068 1.69347 ];
Pos( 117,:) = [ 0.000552539 0.0151259 0.494704 ];
Pos( 118,:) = [ 0.00314876 -0.00136396 0.46535 ];
Pos( 119,:) = [ -0.0159325 -0.00057054 0 ];
Pos( 120,:) = [ -0.00278444 -0.00479648 0 ];
Pos( 121,:) = [ -0.00741468 -0.00664631 0.945246 ];
Pos( 122,:) = [ -0.00654003 0.0017281 0 ];
Pos( 123,:) = [ -0.00385884 0.00393675 1.30203 ];
Pos( 124,:) = [ -0.0131504 -0.00128064 0.645821 ];
Pos( 125,:) = [ 0.0254209 0.00755855 1.11977 ];
Pos( 126,:) = [ -0.00671201 -0.00178756 1.40628 ];
Pos( 127,:) = [ 0.0141279 0.0032885 1.03449 ];
Pos( 128,:) = [ -0.000544031 0.00303911 2 ];
Pos( 129,:) = [ -0.00551789 8.07397e-05 1.45404 ];
Pos( 130,:) = [ -0.0213703 -0.00726837 1.57963 ];
Pos( 131,:) = [ 0.00707273 -0.00285421 2 ];
Pos( 132,:) = [ 3.33442e-05 -0.00261074 -1.45519e-11 ];
Pos( 133,:) = [ -0.00103837 0.00415457 1.09375 ];
Pos( 134,:) = [ -0.00455025 0.00684253 2 ];
Pos( 135,:) = [ 0.0155148 -0.000431689 0 ];
Pos( 136,:) = [ 0.0101666 0.000132605 1.43076 ];
Pos( 137,:) = [ -0.0146646 -0.000487923 2 ];
Pos( 138,:) = [ -0.0154735 0.00784192 1.02609 ];
Pos( 139,:) = [ 0.00501052 -0.00938672 1.4983 ];
Pos( 140,:) = [ 0.0199072 -0.0072687 1.04907 ];
Pos( 141,:) = [ 0.0107157 0.008096 1.45137 ];
Pos( 142,:) = [ 0.000833169 0.0018478 1.47355 ];
Pos( 143,:) = [ -0.00786129 0.000970542 1.78766 ];
Pos( 144,:) = [ 0.0228561 0.0130445 1.57976 ];
Pos( 145,:) = [ 0.00519483 0.00948085 1.34291 ];
Pos( 146,:) = [ -0.00955844 0.00632586 1.61941 ];
Pos( 147,:) = [ 0.0058151 -0.0169829 1.4279 ];
Pos( 148,:) = [ 0.0166393 -0.0135646 1.83952 ];
Pos( 149,:) = [ -0.0252635 0.00508109 1.09823 ];
Pos( 150,:) = [ -0.00900204 -0.0153932 1.551 ];
Pos( 151,:) = [ -0.0158169 -0.000274727 0 ];
Pos( 152,:) = [ -0.0134206 -0.00760313 1.18934 ];
Pos( 153,:) = [ -0.0211494 0.00280842 1.73143 ];
Pos( 154,:) = [ 0.00852243 0.00631267 1.15258 ];
Pos( 155,:) = [ -0.00943107 -0.0013485 2 ];
Pos( 156,:) = [ 0.00983015 -0.000534308 0 ];
Pos( 157,:) = [ 0.00106538 -0.00383078 0 ];
Pos( 158,:) = [ 0.00327502 -0.00127996 0 ];
Pos( 159,:) = [ -0.00806998 -0.00161613 0 ];
Pos( 160,:) = [ 0.00206966 0.00119029 2 ];
Pos( 161,:) = [ 0.023237 -0.00300805 1.03807 ];
Pos( 162,:) = [ -0.00291566 -0.000362118 1.50784 ];
Pos( 163,:) = [ 0.0244742 0.00279523 1.90857 ];
Pos( 164,:) = [ 0.00588319 -0.0170688 1.47018 ];
Pos( 165,:) = [ -0.0101803 -0.000972947 9.31323e-10 ];
Pos( 166,:) = [ -0.0143829 0.00778725 0.830716 ];
Pos( 167,:) = [ 0.0149601 -0.00260397 1.18251 ];
Pos( 168,:) = [ -0.010238 0.00144739 0 ];
Pos( 169,:) = [ -0.0087319 -0.00533147 1.21492 ];
