% Photon emissivity coefficient (cm^3/s), GKU (stationar, w/o ioniz)
%
NTe = 26;
NNe = 11;
%
Te=[
1.00e+000
2.00e+000
5.00e+000
1.00e+001
2.00e+001
3.00e+001
4.00e+001
5.00e+001
6.00e+001
7.00e+001
8.00e+001
9.00e+001
1.00e+002
2.00e+002
3.00e+002
4.00e+002
5.00e+002
6.00e+002
7.00e+002
8.00e+002
9.00e+002
1.00e+003
5.00e+003
1.00e+004
5.00e+004
1.00e+005
];
%
Ne=[
1.00e+010
5.00e+010
1.00e+011
5.00e+011
1.00e+012
5.00e+012
1.00e+013
5.00e+013
1.00e+014
5.00e+014
1.00e+015
];
%
vSig_w0 = [
   8.05e-010   2.79e-009   5.26e-009   6.16e-009   6.36e-009   6.23e-009   6.06e-009   5.90e-009   5.75e-009   5.62e-009   5.49e-009   5.38e-009   5.28e-009   4.56e-009   4.12e-009   3.81e-009   3.59e-009   3.41e-009   3.26e-009   3.13e-009   3.02e-009   2.92e-009   1.71e-009   1.33e-009   7.22e-010   5.49e-010
   8.05e-010   2.79e-009   5.28e-009   6.16e-009   6.36e-009   6.23e-009   6.06e-009   5.90e-009   5.77e-009   5.61e-009   5.51e-009   5.38e-009   5.28e-009   4.56e-009   4.11e-009   3.81e-009   3.59e-009   3.42e-009   3.26e-009   3.13e-009   3.02e-009   2.92e-009   1.71e-009   1.33e-009   7.24e-010   5.51e-010
   8.05e-010   2.79e-009   5.26e-009   6.16e-009   6.34e-009   6.23e-009   6.06e-009   5.90e-009   5.75e-009   5.62e-009   5.49e-009   5.38e-009   5.28e-009   4.55e-009   4.12e-009   3.81e-009   3.59e-009   3.41e-009   3.26e-009   3.13e-009   3.02e-009   2.92e-009   1.71e-009   1.33e-009   7.22e-010   5.49e-010
   8.02e-010   2.78e-009   5.25e-009   6.16e-009   6.32e-009   6.23e-009   6.06e-009   5.90e-009   5.74e-009   5.61e-009   5.48e-009   5.38e-009   5.28e-009   4.56e-009   4.11e-009   3.81e-009   3.59e-009   3.39e-009   3.25e-009   3.13e-009   3.02e-009   2.92e-009   1.71e-009   1.33e-009   7.24e-010   5.51e-010
   8.02e-010   2.77e-009   5.25e-009   6.13e-009   6.32e-009   6.21e-009   6.05e-009   5.88e-009   5.74e-009   5.61e-009   5.48e-009   5.36e-009   5.26e-009   4.55e-009   4.11e-009   3.81e-009   3.59e-009   3.41e-009   3.24e-009   3.13e-009   3.02e-009   2.92e-009   1.71e-009   1.33e-009   7.22e-010   5.49e-010
   7.86e-010   2.73e-009   5.15e-009   6.03e-009   6.23e-009   6.13e-009   5.97e-009   5.80e-009   5.67e-009   5.54e-009   5.41e-009   5.31e-009   5.22e-009   4.50e-009   4.08e-009   3.78e-009   3.55e-009   3.39e-009   3.23e-009   3.10e-009   2.99e-009   2.90e-009   1.70e-009   1.33e-009   7.20e-010   5.48e-010
   7.71e-010   2.67e-009   5.05e-009   5.92e-009   6.11e-009   6.00e-009   5.85e-009   5.70e-009   5.57e-009   5.44e-009   5.33e-009   5.22e-009   5.12e-009   4.43e-009   4.03e-009   3.73e-009   3.52e-009   3.34e-009   3.19e-009   3.08e-009   2.97e-009   2.87e-009   1.70e-009   1.32e-009   7.19e-010   5.48e-010
   6.62e-010   2.31e-009   4.34e-009   5.12e-009   5.31e-009   5.28e-009   5.15e-009   5.05e-009   4.96e-009   4.86e-009   4.76e-009   4.66e-009   4.60e-009   4.04e-009   3.68e-009   3.46e-009   3.26e-009   3.11e-009   2.98e-009   2.88e-009   2.78e-009   2.70e-009   1.63e-009   1.28e-009   7.07e-010   5.41e-010
   5.69e-010   1.99e-009   3.73e-009   4.40e-009   4.61e-009   4.58e-009   4.52e-009   4.43e-009   4.35e-009   4.27e-009   4.21e-009   4.14e-009   4.08e-009   3.63e-009   3.36e-009   3.15e-009   3.00e-009   2.87e-009   2.75e-009   2.67e-009   2.59e-009   2.51e-009   1.56e-009   1.24e-009   6.94e-010   5.33e-010
   2.76e-010   9.85e-010   1.83e-009   2.16e-009   2.30e-009   2.33e-009   2.32e-009   2.30e-009   2.29e-009   2.27e-009   2.25e-009   2.23e-009   2.22e-009   2.08e-009   1.98e-009   1.91e-009   1.85e-009   1.80e-009   1.75e-009   1.71e-009   1.68e-009   1.65e-009   1.17e-009   9.78e-010   6.03e-010   4.76e-010
   1.70e-010   6.08e-010   1.13e-009   1.34e-009   1.44e-009   1.46e-009   1.46e-009   1.46e-009   1.46e-009   1.45e-009   1.44e-009   1.44e-009   1.43e-009   1.37e-009   1.33e-009   1.30e-009   1.27e-009   1.24e-009   1.22e-009   1.20e-009   1.18e-009   1.17e-009   9.00e-010   7.81e-010   5.18e-010   4.22e-010
];
%
%Reg2D (Te, Ne, vSig_w0);
%WL_A (4008);