val2d( :,1) = [ 0  0  0  0  0  0  0  0  0  0  0  0  0  0  0  0  0  0  0  0  0  0  0  0  0  0  0  0  0  0  0  0  0  0  0  0  0  0  0  0  0  0  0  0  0  0  0  0  0  0    ];
val2d( :,2) = [ 0  0  0  0  0  0  0  0  0  0  0  0  0  0  0  0  0  0  0  0  0  0  0  0  0  0  0  0  0  0  0  0  0  0  0  0  0  0  0  0  0  0  0  0  0  0  0  0  0  0    ];
val2d( :,3) = [ 0  0  0  0  0  0  0  0  0  0  0  0  0  0  0  0  0  0  0  0  0  0  0  0  0  0  0  0  0  0  0  0  0  0  0  0  0  0  0  0  0  0  0  0  0  0  0  0  0  0    ];
val2d( :,4) = [ 0  0  0  0  0  0  0  0  0  0  0  0  0  0  0  0  0  0  0  0  0  0  0  0  0  0  0  0  0  0  0  0  0  0  0  0  0  0  0  0  0  0  0  0  0  0  0  0  0  0    ];
val2d( :,5) = [ 0  0  0  0  0  0  0  0  0  0  0  0  0  0  0  0  0.0001  0.0001  0.0003  0.0002  0  0  0  0  0  0  0  0.0007  0.0005  0.002  0  0  0  0  0  0  0.0004  0.0013  0.0029  0.005  0  0  0  0  0  0.0005  0.0009  0.0062  0.0125  0.0144    ];
val2d( :,6) = [ 0  0  0  0  0  0.0015  0.0047  0.0125  0.0296  0.0333  0  0  0  0  0.0005  0.0025  0.013  0.0279  0.0524  0.0672  0  0  0  0.0001  0.0014  0.007  0.0241  0.0493  0.0961  0.1158  0  0  0.0001  0.0004  0.0029  0.0156  0.0417  0.0897  0.1474  0.1788  0  0  0  0.001  0.006  0.0275  0.0685  0.136  0.2225  0.2555    ];
val2d( :,7) = [ 0  0.0001  0.0007  0.0023  0.0121  0.0467  0.0984  0.2055  0.2995  0.3638  0  0.0001  0.0012  0.0036  0.0198  0.0606  0.1367  0.2548  0.404  0.4723  0  0.0002  0.0016  0.0069  0.0287  0.083  0.1886  0.326  0.4978  0.5767  0.0001  0.0002  0.0037  0.0128  0.0421  0.1009  0.222  0.3941  0.5754  0.67  0.0001  0.0007  0.004  0.0174  0.0537  0.1357  0.2583  0.4553  0.6552  0.7467    ];
val2d( :,8) = [ 0.0005  0.0013  0.0059  0.0187  0.0634  0.1514  0.2968  0.5008  0.729  0.8144  0.0008  0.0015  0.0081  0.0308  0.0773  0.165  0.3231  0.5438  0.7654  0.8587  0.0021  0.0032  0.0123  0.032  0.0857  0.1852  0.3467  0.5803  0.7969  0.8921  0.0026  0.0057  0.0128  0.0428  0.0975  0.203  0.3709  0.6006  0.8318  0.9238  0.0035  0.0067  0.0196  0.0484  0.1013  0.2069  0.3794  0.6148  0.8442  0.9378    ];
val2d( :,9) = [ 0.0049  0.0088  0.0222  0.0508  0.1144  0.2148  0.3893  0.6267  0.8557  0.9508  0.0057  0.0119  0.0237  0.0569  0.1206  0.2234  0.3878  0.6302  0.8681  0.9646  0.0078  0.0115  0.0221  0.0563  0.1171  0.2217  0.3997  0.6306  0.8741  0.9748  0.0087  0.0125  0.0299  0.0644  0.1257  0.2324  0.388  0.6285  0.8779  0.9795  0.0137  0.0145  0.0298  0.0607  0.1166  0.2239  0.3891  0.6237  0.8824  0.9831    ];
val2d( :,10) = [ 0.0122  0.0184  0.0317  0.0677  0.1186  0.2229  0.3892  0.6075  0.8906  0.9886  0.0161  0.0157  0.0357  0.0693  0.1268  0.2217  0.3754  0.6071  0.8799  0.9909  0.0157  0.0212  0.0367  0.0684  0.1195  0.2191  0.3737  0.5916  0.8785  0.9925  0.0192  0.0204  0.0408  0.0692  0.1188  0.2181  0.348  0.5817  0.8745  0.9959  0.0154  0.0217  0.0366  0.0695  0.1201  0.203  0.3545  0.5643  0.8702  0.9966    ];
