val1d   = [ 0  1.8  3.6  5.4  7.2  9  10.8  12.6  14.4  16.2  18  19.8  21.6  23.4  25.2  27  28.8  30.6  32.4  34.2  36  37.8  39.6  41.4  43.2  45  46.8  48.6  50.4  52.2  54  55.8  57.6  59.4  61.2  63  64.8  66.6  68.4  70.2  72  73.8  75.6  77.4  79.2  81  82.8  84.6  86.4  88.2    ];
