val2d( :,1) = [ 0  0  0  0  0  0  0  0  0  0  0  0  0  0  0  0  0  0  0  0  0  0  0  0  0  0  0  0  0  0  0  0  0  0  0  0  0  0  0  0  0  0  0  0  0  0  0  0  0  0    ];
val2d( :,2) = [ 0  0  0  0  0  0  0  0  0  0  0  0  0  0  0  0  0  0  0  0  0  0  0  0  0  0  0  0  0  0  0  0  0  0  0  0  0  0  0  0  0  0  0  0  0  0  0  0  0  0    ];
val2d( :,3) = [ 0  0  0  0  0  0  0  0  0  0  0  0  0  0  0  0  0  0  0  0  0  0  0  0  0  0  0  0  0  0  0  0  0  0  0  0  0  0  0  0  0  0  0  0  0  0  0  0  0  0    ];
val2d( :,4) = [ 0  0  0  0  0  0  0  0  0  0  0  0  0  0  0  0  0  0  0  0  0  0  0  0  0  0  0  0  0  0  0  0  0  0  0  0  0  0  0  0  0  0  0  0  0  0  0  0  0  0    ];
val2d( :,5) = [ 0  0  0  0  0  0  0  0  0  0  0  0  0  0  0  0  0  0  0  0  0  0  0  0  0  0  0  0  0  0  0  0  0  0  0  0  0.0001  0  0  0  0  0  0  0  0  0  0.0002  0.0003  0.0006  0.0004    ];
val2d( :,6) = [ 0  0  0  0  0  0  0.0001  0.0007  0.0022  0.0022  0  0  0  0  0  0.0007  0.0018  0.004  0.0051  0.005  0  0  0  0.0002  0.0002  0.002  0.0039  0.01  0.01  0.0108  0  0  0  0.0005  0.0012  0.0048  0.0122  0.0183  0.019  0.0181  0  0  0  0.0007  0.006  0.0117  0.022  0.0309  0.0307  0.0297    ];
val2d( :,7) = [ 0  0  0.0004  0.0027  0.0084  0.0242  0.041  0.0498  0.0446  0.0413  0.0001  0.0002  0.0014  0.0049  0.0221  0.0443  0.0675  0.0766  0.0627  0.0534  0.0005  0.0006  0.0039  0.0155  0.0374  0.0677  0.0914  0.0982  0.0813  0.066  0.0006  0.0016  0.0072  0.0235  0.0586  0.1086  0.1386  0.1374  0.1051  0.0857  0.0023  0.0054  0.0141  0.0425  0.0864  0.1411  0.1792  0.1809  0.1346  0.1018    ];
val2d( :,8) = [ 0.0037  0.0102  0.0274  0.0647  0.1242  0.2022  0.2339  0.2275  0.1448  0.1067  0.0095  0.018  0.0438  0.097  0.1824  0.2549  0.2957  0.2786  0.1771  0.1188  0.0215  0.0305  0.0625  0.1365  0.2274  0.3147  0.3608  0.318  0.2056  0.1316  0.0303  0.0496  0.0988  0.1825  0.2836  0.3874  0.4401  0.3787  0.2218  0.1284  0.0528  0.0754  0.1325  0.2262  0.363  0.472  0.5351  0.4443  0.2534  0.1364    ];
val2d( :,9) = [ 0.0788  0.0985  0.1677  0.2875  0.4283  0.5635  0.6076  0.5151  0.2949  0.1384  0.1077  0.1407  0.2167  0.3439  0.5109  0.6543  0.7188  0.5927  0.3178  0.1485  0.1515  0.183  0.2777  0.4254  0.5947  0.7557  0.7999  0.6695  0.3561  0.1467  0.1971  0.2378  0.3396  0.4861  0.6899  0.8664  0.927  0.7678  0.4102  0.1481  0.2543  0.2934  0.4072  0.5795  0.8088  0.976  1.041  0.8727  0.4444  0.1437    ];
val2d( :,10) = [ 0.3188  0.3515  0.4758  0.66  0.8979  1.1101  1.1797  1.0147  0.4838  0.1445  0.3719  0.4345  0.5515  0.7697  1.0201  1.2435  1.3408  1.1332  0.5699  0.1434  0.4548  0.5127  0.6538  0.8754  1.1414  1.3773  1.4721  1.294  0.6433  0.1411  0.5383  0.5929  0.7484  0.9777  1.2705  1.5501  1.6885  1.4655  0.7276  0.1323  0.6203  0.6864  0.854  1.1094  1.4117  1.7246  1.8396  1.6481  0.8295  0.1312    ];
