val1d   = [ 0  10  20  30  40  50  60  70  80  89.9    ];
