val1d   = [ 1  1.1514  1.32571  1.52642  1.75751  2.02359  2.32995  2.6827  3.08884  3.55648  4.09491  4.71487  5.42868  6.25055  7.19686  8.28643  9.54095  10.9854  12.6486  14.5635  16.7683  19.307  22.23  25.5955  29.4705  33.9322  39.0694  44.9843  51.7947  59.6362  68.6649  79.0604  91.0298  104.811  120.679  138.95  159.986  184.207  212.095  244.205  281.177  323.746  372.759  429.193  494.171  568.987  655.129  754.312  868.511  1000    ];
