geom = 
{ 
   x1 = [0.000000,2.500000,2.500000,7.600000,7.600000 ] 
   z1 = [0.000000,0.000000,-5.000000,-5.000000,20.000000 ] 
   x2 = [2.500000,2.500000,7.600000,7.600000,0.000000 ] 
   z2 = [0.000000,-5.000000,-5.000000,20.000000,20.000000 ] 
   slope = [0.000000,-1000000000000.000000,0.000000,1000000000000.000000,0.000000 ] 
   intercept = [0.000000,1000000000000.000000,-5.000000,1000000000000.000000,20.000000 ] 
   length = [2.500000,5.000000,5.100000,25.000000,7.600000 ] 
   Z = [74.000000,0.000000,0.000000,0.000000,0.000000,0.000000,0.000000 ] 
   y1 = -0.100000; 
   y2 = 0.100000; 
   periodic = 0;
   nMaterials = 1; 
}
