geom = 
{ 
    x1 = [-1.0]   
    z1 = [0.0]   
    x2 = [1.0]   
    z2 = [0.0]   
    slope = [0.0]
    intercept = [0.0]   
    length = [2.0]
    Z = [6.0,0.0]   
   y1 = 0.000000; 
   y2 = 0.000000; 
   periodic = 0; 
}
