geom = 
{ 
   x1 = [1.000000,1.000000,1.100000,1.350000,1.400000,1.450000,1.450000,1.400000,1.400000,1.450000,1.750000,1.750000,1.775000,2.000000,2.150000,2.150000 ] 
   z1 = [-0.350000,-1.250000,-1.350000,-1.350000,-1.350000,-1.350000,-1.315000,-1.315000,-1.250000,-1.250000,-1.250000,-1.225000,-1.200000,-1.050000,-0.450000,-0.350000 ] 
   x2 = [1.000000,1.100000,1.350000,1.400000,1.450000,1.450000,1.400000,1.400000,1.450000,1.750000,1.750000,1.775000,2.000000,2.150000,2.150000,1.000000 ] 
   z2 = [-1.250000,-1.350000,-1.350000,-1.350000,-1.350000,-1.315000,-1.315000,-1.250000,-1.250000,-1.250000,-1.225000,-1.200000,-1.050000,-0.450000,-0.350000,-0.350000 ] 
   Z = [6.0,6.0,6.0,74.0,6.0,6.0,6.0,6.0,74.0,6.0,6.0,6.0,6.0,6.0,6.0,6.0,0.0]
   slope = [-1000000000000.000000,-1.000000,0.000000,0.000000,0.000000,1000000000000.000000,0.000000,1000000000000.000000,0.000000,0.000000,1000000000000.000000,1.000000,0.666667,4.000000,1000000000000.000000,0.000000 ] 
   intercept = [1000000000000.000000,-0.250000,-1.350000,-1.350000,-1.350000,1000000000000.000000,-1.315000,1000000000000.000000,-1.250000,-1.250000,1000000000000.000000,-2.975000,-2.383333,-9.050000,1000000000000.000000,-0.350000 ] 
   length = [0.900000,0.141421,0.250000,0.050000,0.050000,0.035000,0.050000,0.065000,0.050000,0.300000,0.025000,0.035355,0.270416,0.618466,0.100000,1.150000 ] 
   y1 = -0.1;
   y2 = 0.1;
   periodic = 0;
}
