answer = 
{   
  x=1.43773;
  y=-0.12451;
  z=0;
  r=0;
  charge=0;
}
