particleSource = 
{ 
   nSources = 1; 
 nSegments = 64; 
 nSegmentsAngle = 100; 
 cylSymm = 1; 
 r0 = [0.000000,0.025000 ] 
   z0 = [1.00E-06,1.00E-06 ] 
   r = [0.000000,0.000768,0.001535,0.002303,0.003071,0.003838,0.004606,0.005374,0.006141,0.006909,0.007677,0.008444,0.009212,0.009980,0.010747,0.011515,0.012283,0.013051,0.013818,0.014586,0.015354,0.016121,0.016889,0.017657,0.018424,0.019192,0.019960,0.020727,0.021495,0.022263,0.023030,0.023798,0.024566,0.025333,0.026101,0.026869,0.027636,0.028404,0.029172,0.029939,0.030707,0.031475,0.032242,0.033010,0.033778,0.034545,0.035313,0.036081,0.036848,0.037616,0.038384,0.039152,0.039919,0.040687,0.041455,0.042222,0.042990,0.043758,0.044525,0.045293,0.046061,0.046828,0.047596,0.048364 ] 
   z = [0.000001,0.000001,0.000001,0.000001,0.000001,0.000001,0.000001,0.000001,0.000001,0.000001,0.000001,0.000001,0.000001,0.000001,0.000001,0.000001,0.000001,0.000001,0.000001,0.000001,0.000001,0.000001,0.000001,0.000001,0.000001,0.000001,0.000001,0.000001,0.000001,0.000001,0.000001,0.000001,0.000001,0.000001,0.000001,0.000001,0.000001,0.000001,0.000001,0.000001,0.000001,0.000001,0.000001,0.000001,0.000001,0.000001,0.000001,0.000001,0.000001,0.000001,0.000001,0.000001,0.000001,0.000001,0.000001,0.000001,0.000001,0.000001,0.000001,0.000001,0.000001,0.000001,0.000001,0.000001 ] 
   angles = [0.000000,0.015867,0.031733,0.047600,0.063467,0.079333,0.095200,0.111066,0.126933,0.142800,0.158666,0.174533,0.190400,0.206266,0.222133,0.237999,0.253866,0.269733,0.285599,0.301466,0.317333,0.333199,0.349066,0.364932,0.380799,0.396666,0.412532,0.428399,0.444266,0.460132,0.475999,0.491866,0.507732,0.523599,0.539465,0.555332,0.571199,0.587065,0.602932,0.618799,0.634665,0.650532,0.666398,0.682265,0.698132,0.713998,0.729865,0.745732,0.761598,0.777465,0.793331,0.809198,0.825065,0.840931,0.856798,0.872665,0.888531,0.904398,0.920265,0.936131,0.951998,0.967864,0.983731,0.999598,1.015464,1.031331,1.047198,1.063064,1.078931,1.094797,1.110664,1.126531,1.142397,1.158264,1.174131,1.189997,1.205864,1.221730,1.237597,1.253464,1.269330,1.285197,1.301064,1.316930,1.332797,1.348664,1.364530,1.380397,1.396263,1.412130,1.427997,1.443863,1.459730,1.475597,1.491463,1.507330,1.523196,1.539063,1.554930,1.570796 ] 
   spaceCDF = [0.000000,0.064903,0.127199,0.186922,0.244110,0.298800,0.351027,0.400832,0.448251,0.493325,0.536093,0.576596,0.614874,0.650970,0.684927,0.716789,0.746600,0.774405,0.800253,0.824189,0.846264,0.866528,0.885033,0.901832,0.916980,0.930533,0.942552,0.953098,0.962234,0.970027,0.976548,0.981871,0.986076,0.989246,0.991475,0.992865,0.993528,0.993855,0.994175,0.994487,0.994792,0.995090,0.995382,0.995667,0.995945,0.996217,0.996483,0.996743,0.996997,0.997245,0.997487,0.997724,0.997956,0.998182,0.998403,0.998619,0.998830,0.999037,0.999238,0.999435,0.999628,0.999816,1.000000,1.000180 ] 
   angleCDF = [0.000000,0.031482,0.047216,0.062941,0.078651,0.094343,0.110014,0.125659,0.141275,0.156857,0.172401,0.187904,0.203361,0.218770,0.234125,0.249423,0.264661,0.279834,0.294938,0.309970,0.324927,0.339803,0.354595,0.369301,0.383915,0.398435,0.412857,0.427176,0.441390,0.455495,0.469487,0.483363,0.497119,0.510752,0.524258,0.537635,0.550878,0.563984,0.576951,0.589774,0.602450,0.614977,0.627352,0.639570,0.651629,0.663526,0.675258,0.686822,0.698215,0.709434,0.720477,0.731340,0.742021,0.752518,0.762827,0.772945,0.782872,0.792603,0.802136,0.811470,0.820601,0.829528,0.838248,0.846758,0.855058,0.863144,0.871015,0.878669,0.886104,0.893317,0.900308,0.907074,0.913613,0.919925,0.926006,0.931857,0.937475,0.942859,0.948008,0.952920,0.957594,0.962029,0.966224,0.970178,0.973889,0.977357,0.980581,0.983561,0.986294,0.988781,0.991022,0.993015,0.994759,0.996256,0.997503,0.998502,0.999251,0.999750,1.000000,1.000000 ] 
 }