val2d( :,1) = [ -0  -0  -0  -0  -0  -0  -0  -0  -0  -0  -0  -0  -0  -0  -0  -0  -0  -0  -0  -0  -0  -0  -0  -0  -0  -0  -0  -0  -0  -0  -0  -0  -0  -0  -0  -0  -0  -0  -0  -0  -0  -0  -0  -0  -0  -0  -0  -0  -0  -0  -0  -0  -0  -0  -0  -0  -0  -0  -0  -0  -0  -0  -0  -0  -0  -0  -0  -0  -0  -0  -0  -0  -0  -0  -0  -0  -0  -0  -0  -0  -0  -0  -0  -0  -0  -0  -0  -0  -0  -0  -0  -0  -0  -0  -0  -0  -0  -0  -0  -0  -0    ];
val2d( :,2) = [ -0  -0  -0  -0  -0  -0  -0  -0  -0  -0  -0  -0  -0  -0  -0  -0  -0  -0  -0  -0  -0  -0  -0  -0  -0  -0  -0  -0  -0  -0  -0  -0  -0  -0  -0  -0  -0  -0  -0  -0  -0  -0  -0  -0  -0  -0  -0  -0  -0  -0  -0  -0  -0  -0  -0  -0  -0  -0  -0  -0  -0  -0  -0  -0  -0  -0  -0  -0  -0  -0  -0  -0  -0  -0  -0  -0  -0  -0  -0  -0  -0  -0  -0  -0  -0  -0  -0  -0  -0  -0  -0  -0  -0  -0  -0  -0  -0  -0  -0  -0  -0    ];
val2d( :,3) = [ -0  -0  -0  -0  -0  -0  -0  -0  -0  -0  -0  -0  -0  -0  -0  -0  -0  -0  -0  -0  -0  -0  -0  -0  -0  -0  -0  -0  -0  -0  -0  -0  -0  -0  -0  -0  -0  -0  -0  -0  -0  -0  -0  -0  -0  -0  -0  -0  -0  -0  -0  -0  -0  -0  -0  -0  -0  -0  -0  -0  -0  -0  -0  -0  -0  -0  -0  -0  -0  -0  -0  -0  -0  -0  -0  -0  -0  -0  -0  -0  -0  -0  -0  -0  -0  -0  -0  -0  -0  -0  -0  -0  -0  -0  -0  -0  -0  -0  -0  -0  -0    ];
val2d( :,4) = [ -0  -0  -0  -0  -0  -0  -0  -0  -0  -0  -0  -0  -0  -0  -0  -0  -0  -0  -0  -0  -0  -0  -0  -0  -0  -0  -0  -0  -0  -0  -0  -0  -0  -0  -0  -0  -0  -0  -0  -0  -0  -0  -0  -0  -0  -0  -0  -0  -0  -0  -0  -0  -0  -0  -0  -0  -0  -0  -0  -0  -0  -0  -0  -0  -0  -0  -0  -0  -0  -0  -0  -0  -0  -0  -0  -0  -0  -0  -0  -0  -0  -0  -0  -0  -0  -0  -0  -0  -0  -0  -0  -0  -0  -0  -0  -0  -0  -0  -0  -0  -0    ];
val2d( :,5) = [ -0  -0  -0  -0  -0  -0  -0  -0  -0  -0  -0  -0  -0  -0  -0  -0  -0  -0  -0  -0  -0  -0  -0  -0  -0  -0  -0  -0  -0  -0  -0  -0  -0  -0  -0  -0  -0  -0  -0  -0  -0  -0  -0  -0  -0  -0  -0  -0  -0  -0  -0  -0  -0  -0  -0  -0  -0  -0  -0  -0  -0  -0  -0  -0  -0  -0  -0  -0  -0  -0  -0  -0  -0  -0  -0  -0  -0  -0  -0  -0  -0  -0  -0  -0  -0  -0  -0  -0  -0  -0  -0  -0  -0  -0  -0  -0  -0  -0  -0  -0  -0    ];
val2d( :,6) = [ -0  -0  -0  -0  -0  -0  -0  -0  -0  -0  -0  -0  -0  -0  -0  -0  -0  -0  -0  -0  -0  -0  -0  -0  -0  -0  -0  -0  -0  -0  -0  -0  -0  -0  -0  -0  -0  -0  -0  -0  -0  -0  -0  -0  -0  -0  -0  -0  -0  -0  -0  -0  -0  -0  -0  -0  -0  -0  -0  -0  -0  -0  -0  -0  -0  -0  -0  -0  -0  -0  -0  -0  -0  -0  -0  -0  -0  -0  -0  -0  -0  -0  -0  -0  -0  -0  -0  -0  -0  -0  -0  -0  -0  -0  -0  -0  -0  -0  -0  -0  -0    ];
val2d( :,7) = [ -0  -0  -0  -0  0  0  0  0  0  0  0  0  0  0  0  0  0  0  0  0  0  0  0  0  0  0  0  0  0  0  0  0  0  0  0  0  0  0  0  0  0  0  0  0  0  0  0  0  0  0  0  0  0  0  0  0  0  0  0  0  0  0  0  0  0  0  0  0  0  0  0  0  0  0  0  0  0  0  0  0  0  0  0  0  0  0  0  0  0  0  0  0  0  0  0  0  0  0  0  0  0    ];
val2d( :,8) = [ 0  0  0  0  0  0  0  0  0  0  0  0  0  0  0  0  0  0  0  0  0  0  0  0  0  0  0  0  0  0  0  0  0  0  0  0  0  0  0  0  0  0  0  0  0  0  0  0  0  0  0  0  0  0  0  0  0  0  0  0  0  0  0  0  0  0  0  0  0  0  0  0  0  0  0  0  0  0  0  0  0  0  0  0  0  0  0  0  0  0  0  0  0  0  0  0  0  0  0  0  0    ];
val2d( :,9) = [ 0  0  0  0  0  0  0  0  0  0  0  0  0  0  0  0  0  0  0  0  0  0  0  0  0  0  0  0  0  0  0  0  0  0  0  0  0  0  0  0  0  0  0  0  0  0  0  0  0  0  0  0  0  0  0  0  0  0  0  0  0  0  0  0  0  0  0  0  0  0  0  0  0  0  0  0  0  0  0  0  0  0  0  0  0  0  0  0  0  0  0  0  0  0  0  0  0  0  0  0  0    ];
val2d( :,10) = [ 0  0  0  0  0  0  0  0  0  0  0  0  0  0  0  0  0  0  0  0  0  0  0  0  0  0  0  0  0  0  0  0  0  0  0  0  0  0  0  0  0  0  0  0  0  0  0  0  0  0  0  0  0  0  0  0  0  0  0  0  0  0  0  0  0  0  0  0  0  0  0  0  0  0  0  0  0  0  0  0  0  0  0  0  0  0  0  0  0  0  0  0  0  0  0  0  0  0  0  0  0    ];
