val2d( :,1) = [ -875  -875  -875  -875  -875  -875  -875  -875  -875  -875  -875  -875  -875  -875  -875  -875  -875  -875  -875  -875  -875  -875  -875  -875  -875  -875  -875  -875  -875  -875  -875  -875  -875  -875  -875  -875  -875  -875  -875  -875  -875  -875  -875  -875  -875  -875  -875  -875  -875  -875  -875  -875  -875  -875  -875  -875  -875  -875  -875  -875  -875  -875  -875  -875  -875  -875  -875  -875  -875  -875  -875  -875  -875  -875  -875  -875  -875  -875  -875  -875  -875  -875  -875  -875  -875  -875  -875  -875  -875  -875  -875  -875  -875  -875  -875  -875  -875  -875  -875  -875  -875    ];
val2d( :,2) = [ -875  -875  -875  -875  -875  -875  -875  -875  -875  -875  -875  -875  -875  -875  -875  -875  -875  -875  -875  -875  -875  -875  -875  -875  -875  -875  -875  -875  -875  -875  -875  -875  -875  -875  -875  -875  -875  -875  -875  -875  -875  -875  -875  -875  -875  -875  -875  -875  -875  -875  -875  -875  -875  -875  -875  -875  -875  -875  -875  -875  -875  -875  -875  -875  -875  -875  -875  -875  -875  -875  -875  -875  -875  -875  -875  -875  -875  -875  -875  -875  -875  -875  -875  -875  -875  -875  -875  -875  -875  -875  -875  -875  -875  -875  -875  -875  -875  -875  -875  -875  -875    ];
val2d( :,3) = [ -875  -875  -875  -875  -875  -875  -875  -875  -875  -875  -875  -875  -875  -875  -875  -875  -875  -875  -875  -875  -875  -875  -875  -875  -875  -875  -875  -875  -875  -875  -875  -875  -875  -875  -875  -875  -875  -875  -875  -875  -875  -875  -875  -875  -875  -875  -875  -875  -875  -875  -875  -875  -875  -875  -875  -875  -875  -875  -875  -875  -875  -875  -875  -875  -875  -875  -875  -875  -875  -875  -875  -875  -875  -875  -875  -875  -875  -875  -875  -875  -875  -875  -875  -875  -875  -875  -875  -875  -875  -875  -875  -875  -875  -875  -875  -875  -875  -875  -875  -875  -875    ];
val2d( :,4) = [ -875  -875  -875  -875  -875  -875  -875  -875  -875  -875  -875  -875  -875  -875  -875  -875  -875  -875  -875  -875  -875  -875  -875  -875  -875  -875  -875  -875  -875  -875  -875  -875  -875  -875  -875  -875  -875  -875  -875  -875  -875  -875  -875  -875  -875  -875  -875  -875  -875  -875  -875  -875  -875  -875  -875  -875  -875  -875  -875  -875  -875  -875  -875  -875  -875  -875  -875  -875  -875  -875  -875  -875  -875  -875  -875  -875  -875  -875  -875  -875  -875  -875  -875  -875  -875  -875  -875  -875  -875  -875  -875  -875  -875  -875  -875  -875  -875  -875  -875  -875  -875    ];
val2d( :,5) = [ -875  -875  -875  -875  -875  -875  -875  -875  -875  -875  -875  -875  -875  -875  -875  -875  -875  -875  -875  -875  -875  -875  -875  -875  -875  -875  -875  -875  -875  -875  -875  -875  -875  -875  -875  -875  -875  -875  -875  -875  -875  -875  -875  -875  -875  -875  -875  -875  -875  -875  -875  -875  -875  -875  -875  -875  -875  -875  -875  -875  -875  -875  -875  -875  -875  -875  -875  -875  -875  -875  -875  -875  -875  -875  -875  -875  -875  -875  -875  -875  -875  -875  -875  -875  -875  -875  -875  -875  -875  -875  -875  -875  -875  -875  -875  -875  -875  -875  -875  -875  -875    ];
val2d( :,6) = [ -875  -875  -875  -875  -875  -875  -875  -875  -875  -875  -875  -875  -875  -875  -875  -875  -875  -875  -875  -875  -875  -875  -875  -875  -875  -875  -875  -875  -875  -875  -875  -875  -875  -875  -875  -875  -875  -875  -875  -875  -875  -875  -875  -875  -875  -875  -875  -875  -875  -875  -875  -875  -875  -875  -875  -875  -875  -875  -875  -875  -875  -875  -875  -875  -875  -875  -875  -875  -875  -875  -875  -875  -875  -875  -875  -875  -875  -875  -875  -875  -875  -875  -875  -875  -875  -875  -875  -875  -875  -875  -875  -875  -875  -875  -875  -875  -875  -875  -875  -875  -875    ];
val2d( :,7) = [ -875  -875  -875  -875  0  0  0  0  0  0  0  0  0  0  0  0  0  0  0  0  0  0  0  0  0  0  0  0  0  0  0  0  0  0  0  0  0  0  0  0  0  0  0  0  0  0  0  0  0  0  0  0  0  0  0  0  0  0  0  0  0  0  0  0  0  0  0  0  0  0  0  0  0  0  0  0  0  0  0  0  0  0  0  0  0  0  0  0  0  0  0  0  0  0  0  0  0  0  0  0  0    ];
val2d( :,8) = [ 0  0  0  0  0  0  0  0  0  0  0  0  0  0  0  0  0  0  0  0  0  0  0  0  0  0  0  0  0  0  0  0  0  0  0  0  0  0  0  0  0  0  0  0  0  0  0  0  0  0  0  0  0  0  0  0  0  0  0  0  0  0  0  0  0  0  0  0  0  0  0  0  0  0  0  0  0  0  0  0  0  0  0  0  0  0  0  0  0  0  0  0  0  0  0  0  0  0  0  0  0    ];
val2d( :,9) = [ 0  0  0  0  0  0  0  0  0  0  0  0  0  0  0  0  0  0  0  0  0  0  0  0  0  0  0  0  0  0  0  0  0  0  0  0  0  0  0  0  0  0  0  0  0  0  0  0  0  0  0  0  0  0  0  0  0  0  0  0  0  0  0  0  0  0  0  0  0  0  0  0  0  0  0  0  0  0  0  0  0  0  0  0  0  0  0  0  0  0  0  0  0  0  0  0  0  0  0  0  0    ];
val2d( :,10) = [ 0  0  0  0  0  0  0  0  0  0  0  0  0  0  0  0  0  0  0  0  0  0  0  0  0  0  0  0  0  0  0  0  0  0  0  0  0  0  0  0  0  0  0  0  0  0  0  0  0  0  0  0  0  0  0  0  0  0  0  0  0  0  0  0  0  0  0  0  0  0  0  0  0  0  0  0  0  0  0  0  0  0  0  0  0  0  0  0  0  0  0  0  0  0  0  0  0  0  0  0  0    ];
