val1d   = [ -3  -2.33333  -1.66667  -1  -0.333333  0.333333  1  1.66667  2.33333  3    ];
