Pos( 1,:) = [ -0.00246302 0.00640347 0.00297929 ];
Pos( 2,:) = [ 0.000829272 0.00193067 0.000414636 ];
Pos( 3,:) = [ 0.00050336 0.00826018 0.00025168 ];
Pos( 4,:) = [ 0.00628301 0.00694027 0.00314151 ];
Pos( 5,:) = [ -0.00767504 0.00211104 0.00429575 ];
Pos( 6,:) = [ -0.00559612 0.00312808 0.00376733 ];
Pos( 7,:) = [ 0.000201352 0.000317579 0.000100676 ];
Pos( 8,:) = [ 0.000847264 0.000454232 0.000423632 ];
Pos( 9,:) = [ -0.00550919 0.00300039 0.00777435 ];
Pos( 10,:) = [ 0.0013402 -0.000765435 0.000670101 ];
Pos( 11,:) = [ 0.000416936 0.00548189 0.000208468 ];
Pos( 12,:) = [ 0.000436988 0.00152783 0.000218494 ];
Pos( 13,:) = [ 0.000208365 -0.000268701 0.000104182 ];
Pos( 14,:) = [ -0.00468409 0.0074741 0.00219765 ];
Pos( 15,:) = [ 0.00117861 0.00155735 0.000589304 ];
Pos( 16,:) = [ -0.00674786 0.00270179 0.00727055 ];
Pos( 17,:) = [ 8.8012e-05 0.000162753 4.4006e-05 ];
Pos( 18,:) = [ -0.00528589 0.00245956 0.00626432 ];
Pos( 19,:) = [ 0.00043369 0.000740195 0.000216845 ];
Pos( 20,:) = [ -0.0129402 0.00512043 0.0025331 ];
Pos( 21,:) = [ -0.00402545 0.0028985 0.00446108 ];
Pos( 22,:) = [ -0.00579921 0.00275469 0.00331713 ];
Pos( 23,:) = [ -0.00836028 0.00124194 0.00146879 ];
Pos( 24,:) = [ -0.000626577 0.00263991 0.00208121 ];
Pos( 25,:) = [ 0.000154159 -0.00013458 7.70796e-05 ];
Pos( 26,:) = [ -0.00227019 0.00248386 0.00367878 ];
Pos( 27,:) = [ -0.00610181 0.00160627 0.00424009 ];
Pos( 28,:) = [ -0.00519615 0.0045373 0.00387777 ];
Pos( 29,:) = [ 0.000669581 0.000329273 0.000334791 ];
Pos( 30,:) = [ 0.000152788 0.00143864 7.63939e-05 ];
Pos( 31,:) = [ 0.000109348 0.000295618 5.4674e-05 ];
Pos( 32,:) = [ 0.00302965 0.0069253 0.00497582 ];
Pos( 33,:) = [ -0.00207862 0.00577774 -0.00103931 ];
Pos( 34,:) = [ -0.00604317 0.00284243 0.00510663 ];
Pos( 35,:) = [ -0.00450476 0.00275617 0.00049037 ];
Pos( 36,:) = [ -0.00652933 0.00705565 0.00366215 ];
Pos( 37,:) = [ -0.00138022 0.00491079 0.0026641 ];
Pos( 38,:) = [ 0.00138377 0.0045944 0.000691885 ];
Pos( 39,:) = [ -0.0110948 0.00210679 0.00259988 ];
Pos( 40,:) = [ -0.03 0.0041741 0.00241933 ];
Pos( 41,:) = [ 0.00182886 -5.74873e-05 0.000914427 ];
Pos( 42,:) = [ 0.000534429 0.00183037 0.000267214 ];
Pos( 43,:) = [ -0.0044137 0.00642711 0.0048861 ];
Pos( 44,:) = [ -0.00874804 0.0026503 0.00192783 ];
Pos( 45,:) = [ -0.00805946 0.000695095 0.0021038 ];
Pos( 46,:) = [ 0.00239518 0.00290972 0.00119759 ];
Pos( 47,:) = [ -0.00726415 0.0045634 0.00237068 ];
Pos( 48,:) = [ -0.00952286 0.0018589 0.00240679 ];
Pos( 49,:) = [ -0.010063 0.00169505 0.00228205 ];
Pos( 50,:) = [ 0.000341913 -0.00057156 0.000170957 ];
Pos( 51,:) = [ 8.72142e-05 -0.000131231 4.36071e-05 ];
Pos( 52,:) = [ 0.000843743 0.00188009 0.000421871 ];
Pos( 53,:) = [ -0.018931 -0.000730165 0.00373932 ];
Pos( 54,:) = [ -0.0059097 0.0022262 0.00488766 ];
Pos( 55,:) = [ -0.00470864 0.00369044 0.00369461 ];
Pos( 56,:) = [ 1.84477e-05 5.19818e-05 9.22386e-06 ];
Pos( 57,:) = [ -0.00398453 0.00515238 0.00356383 ];
Pos( 58,:) = [ 0.000389957 9.0778e-05 0.000194978 ];
Pos( 59,:) = [ 0.000388009 -0.000328652 0.000194004 ];
Pos( 60,:) = [ -0.0106774 0.00220347 0.00354407 ];
Pos( 61,:) = [ 0.000114765 0.00540419 5.73824e-05 ];
Pos( 62,:) = [ 1.183e-07 -9.47872e-06 5.91499e-08 ];
Pos( 63,:) = [ -0.0126753 0.00159502 0.00623252 ];
Pos( 64,:) = [ -0.0121427 0.000607236 0.00484257 ];
Pos( 65,:) = [ -0.00609169 0.00236486 0.00641153 ];
Pos( 66,:) = [ -0.00133135 0.003249 -0.000665673 ];
Pos( 67,:) = [ 0.00188293 0.00285893 0.000941465 ];
Pos( 68,:) = [ 0.00114587 0.0026377 0.000572936 ];
Pos( 69,:) = [ -0.0137009 0.0045686 0.00074455 ];
Pos( 70,:) = [ -0.000674614 0.00239089 -0.000337307 ];
Pos( 71,:) = [ -0.0068466 0.00173261 0.00354071 ];
Pos( 72,:) = [ -0.00336458 0.00098283 0.00476226 ];
Pos( 73,:) = [ 0.00177357 0.000339287 0.000886785 ];
Pos( 74,:) = [ -8.13545e-05 0.00629025 -4.06773e-05 ];
Pos( 75,:) = [ 0.000353924 0.00263899 0.000176962 ];
Pos( 76,:) = [ -0.00763205 0.000514677 0.000225117 ];
Pos( 77,:) = [ -1.03557e-06 0.00149437 -5.17784e-07 ];
Pos( 78,:) = [ 0.000983721 0.0017785 0.00049186 ];
Pos( 79,:) = [ 0.000256319 -0.000203241 0.00012816 ];
Pos( 80,:) = [ 0.00182979 0.00153051 0.000914896 ];
Pos( 81,:) = [ -0.0178225 0.000817862 0.0021581 ];
Pos( 82,:) = [ -0.0070154 0.0021865 0.00509966 ];
Pos( 83,:) = [ 0.000876043 0.00201629 0.000438021 ];
Pos( 84,:) = [ -0.00964654 0.00137685 0.000127146 ];
Pos( 85,:) = [ -0.00613896 0.00210693 0.00607714 ];
Pos( 86,:) = [ 0.000937624 0.00279164 0.000468812 ];
Pos( 87,:) = [ 0.0035377 -8.56292e-05 0.00176885 ];
Pos( 88,:) = [ 0.00216501 0.0011801 0.0010825 ];
Pos( 89,:) = [ 1.53402e-06 1.05272e-05 7.67011e-07 ];
Pos( 90,:) = [ 2.49522e-05 2.59165e-05 1.24761e-05 ];
Pos( 91,:) = [ -0.00710844 0.00265282 0.0048184 ];
Pos( 92,:) = [ -0.0178706 0.00105704 -0.000169556 ];
Pos( 93,:) = [ -0.01165 0.00638044 -0.000493414 ];
Pos( 94,:) = [ 0.000906853 -0.000612877 0.000453427 ];
Pos( 95,:) = [ -0.00538962 0.00328119 0.0031501 ];
Pos( 96,:) = [ 0.00112072 0.00466748 0.000560361 ];
Pos( 97,:) = [ -0.000779364 0.00350661 -0.000389682 ];
Pos( 98,:) = [ 5.87816e-05 0.000297497 2.93908e-05 ];
Pos( 99,:) = [ 0.000240901 0.000382453 0.00012045 ];
Pos( 100,:) = [ 7.35016e-07 -3.1305e-05 3.67508e-07 ];
Pos( 101,:) = [ -0.00380264 0.0045674 0.0015296 ];
Pos( 102,:) = [ -0.00552082 0.00490637 0.00282197 ];
Pos( 103,:) = [ -0.0109673 0.00315235 0.00369131 ];
Pos( 104,:) = [ 0.000433657 0.0057848 0.000216828 ];
Pos( 105,:) = [ 0.000181832 0.000499876 9.09161e-05 ];
Pos( 106,:) = [ 0.00110662 0.00289813 0.000553312 ];
Pos( 107,:) = [ -0.00967397 0.00269301 0.00296592 ];
Pos( 108,:) = [ 0.000517352 0.000605802 0.000258676 ];
Pos( 109,:) = [ 0.00155097 0.00178449 0.000775483 ];
Pos( 110,:) = [ -0.00628574 0.000897604 0.00311934 ];
Pos( 111,:) = [ 7.88368e-05 -6.94039e-05 3.94184e-05 ];
Pos( 112,:) = [ -0.00505711 0.00150611 0.00265821 ];
Pos( 113,:) = [ 2.60321e-05 8.02842e-05 1.3016e-05 ];
Pos( 114,:) = [ -0.00303302 0.000682709 0.00652668 ];
Pos( 115,:) = [ 0.000691783 0.001319 0.000345892 ];
Pos( 116,:) = [ 0.000807309 0.00175046 0.000403654 ];
Pos( 117,:) = [ 0.000512409 0.00726034 0.000256204 ];
Pos( 118,:) = [ -0.00202096 0.00186109 0.00157088 ];
Pos( 119,:) = [ -0.0122522 0.00401984 0.00421194 ];
Pos( 120,:) = [ 3.52446e-06 -3.70577e-05 1.76223e-06 ];
Pos( 121,:) = [ 2.63335e-05 -1.82116e-05 1.31667e-05 ];
Pos( 122,:) = [ 0.000927203 0.000922932 0.000463601 ];
Pos( 123,:) = [ 0.00139199 0.000302746 0.000695997 ];
Pos( 124,:) = [ -0.00900328 0.0050044 0.0028787 ];
Pos( 125,:) = [ -0.0102029 0.00160909 0.00169237 ];
Pos( 126,:) = [ 4.89562e-06 2.50437e-05 2.44781e-06 ];
Pos( 127,:) = [ -0.00678687 0.00236322 0.00603247 ];
Pos( 128,:) = [ 0.000276498 0.00297008 0.000138249 ];
Pos( 129,:) = [ 0.000463997 0.00191057 0.000231998 ];
Pos( 130,:) = [ -0.00713574 0.00243926 0.003587 ];
Pos( 131,:) = [ 0.00178676 0.00264329 0.00089338 ];
Pos( 132,:) = [ 1.24929e-05 -6.31751e-05 6.24643e-06 ];
Pos( 133,:) = [ 3.1154e-05 4.2334e-05 1.5577e-05 ];
Pos( 134,:) = [ 0.000684167 -1.34979e-05 0.000342084 ];
Pos( 135,:) = [ -0.000198228 0.00153555 -9.91142e-05 ];
Pos( 136,:) = [ 0.000351064 0.00363193 0.000175532 ];
Pos( 137,:) = [ 0.000515842 0.00247031 0.000257921 ];
Pos( 138,:) = [ -0.0069134 0.00543292 0.00496954 ];
Pos( 139,:) = [ 0.00132577 0.000932456 0.000662885 ];
Pos( 140,:) = [ -0.00215564 0.000470057 0.00111754 ];
Pos( 141,:) = [ -0.00316609 0.00172923 0.00549016 ];
Pos( 142,:) = [ 0.00210634 0.00116493 0.00105317 ];
Pos( 143,:) = [ 3.4287e-05 0.000989357 1.71435e-05 ];
Pos( 144,:) = [ 4.52893e-05 -8.30279e-05 2.26446e-05 ];
Pos( 145,:) = [ 0.00317003 0.00719029 0.00158502 ];
Pos( 146,:) = [ 0.000737066 0.00231362 0.000368533 ];
Pos( 147,:) = [ -0.000864968 0.00738558 0.00110113 ];
Pos( 148,:) = [ 0.000926802 -0.00155074 0.000463401 ];
Pos( 149,:) = [ 9.49305e-08 1.6885e-06 4.74652e-08 ];
Pos( 150,:) = [ -0.00484378 0.00658488 0.00456936 ];
Pos( 151,:) = [ -0.0158908 0.00446078 0.00189324 ];
