geom = 
{ 
   x1 = [1.000000e+00,1.000000e+00,1.000000e+00,1.000000e+00,2.000000e+00,2.000000e+00,1.000000e+00,1.000000e+00,1.000000e+00,1.000000e+00,1.000000e+00,1.000000e+00,2.000000e+00,2.000000e+00 ] 
   y1 = [-1.000000e-01,-1.000000e-01,1.000000e-01,1.000000e-01,-1.000000e-01,-1.000000e-01,-1.000000e-01,-1.000000e-01,-1.000000e-01,-1.000000e-01,-1.000000e-01,1.000000e-01,1.000000e-01,-1.000000e-01 ] 
   z1 = [0.000000e+00,0.000000e+00,0.000000e+00,0.000000e+00,0.000000e+00,0.000000e+00,0.000000e+00,0.000000e+00,0.000000e+00,0.000000e+00,1.000000e+00,1.000000e+00,1.000000e+00,1.000000e+00 ] 
   x2 = [2.000000e+00,1.000000e+00,2.000000e+00,1.000000e+00,2.000000e+00,2.000000e+00,1.000000e+00,1.000000e+00,2.000000e+00,1.000000e+00,1.000000e+00,2.000000e+00,2.000000e+00,1.000000e+00 ] 
   y2 = [-1.000000e-01,-1.000000e-01,1.000000e-01,1.000000e-01,1.000000e-01,-1.000000e-01,1.000000e-01,-1.000000e-01,-1.000000e-01,1.000000e-01,1.000000e-01,1.000000e-01,-1.000000e-01,-1.000000e-01 ] 
   z2 = [0.000000e+00,1.000000e+00,0.000000e+00,1.000000e+00,0.000000e+00,1.000000e+00,0.000000e+00,0.000000e+00,0.000000e+00,0.000000e+00,1.000000e+00,1.000000e+00,1.000000e+00,1.000000e+00 ] 
   x3 = [2.000000e+00,2.000000e+00,2.000000e+00,2.000000e+00,2.000000e+00,2.000000e+00,1.000000e+00,1.000000e+00,2.000000e+00,2.000000e+00,1.500000e+00,1.500000e+00,1.500000e+00,1.500000e+00 ] 
   y3 = [-1.000000e-01,-1.000000e-01,1.000000e-01,1.000000e-01,1.000000e-01,1.000000e-01,1.000000e-01,1.000000e-01,1.000000e-01,1.000000e-01,0.000000e+00,0.000000e+00,0.000000e+00,0.000000e+00 ] 
   z3 = [1.000000e+00,1.000000e+00,1.000000e+00,1.000000e+00,1.000000e+00,1.000000e+00,1.000000e+00,1.000000e+00,0.000000e+00,0.000000e+00,1.000000e+00,1.000000e+00,1.000000e+00,1.000000e+00 ] 
   a = [0.000000e+00,0.000000e+00,0.000000e+00,0.000000e+00,2.000000e-01,-2.000000e-01,2.000000e-01,0.000000e+00,0.000000e+00,0.000000e+00,0.000000e+00,0.000000e+00,0.000000e+00,0.000000e+00 ] 
   b = [-1.000000e+00,1.000000e+00,-1.000000e+00,1.000000e+00,0.000000e+00,0.000000e+00,0.000000e+00,0.000000e+00,0.000000e+00,0.000000e+00,0.000000e+00,0.000000e+00,-0.000000e+00,0.000000e+00 ] 
   c = [0.000000e+00,0.000000e+00,0.000000e+00,0.000000e+00,0.000000e+00,0.000000e+00,0.000000e+00,0.000000e+00,2.000000e-01,-2.000000e-01,-1.000000e-01,-1.000000e-01,-1.000000e-01,-1.000000e-01 ] 
   d = [-1.000000e-01,1.000000e-01,1.000000e-01,-1.000000e-01,-4.000000e-01,4.000000e-01,-2.000000e-01,-0.000000e+00,-0.000000e+00,-0.000000e+00,1.000000e-01,1.000000e-01,1.000000e-01,1.000000e-01 ] 
   plane_norm = [1.000000e+00,1.000000e+00,1.000000e+00,1.000000e+00,2.000000e-01,2.000000e-01,2.000000e-01,0.000000e+00,2.000000e-01,2.000000e-01,1.000000e-01,1.000000e-01,1.000000e-01,1.000000e-01 ] 
   BCxBA = [1.000000e+00,1.000000e+00,1.000000e+00,1.000000e+00,1.000000e+00,1.000000e+00,1.000000e+00,0.000000e+00,1.000000e+00,1.000000e+00,1.000000e+00,1.000000e+00,1.000000e+00,1.000000e+00 ] 
   CAxCB = [1.000000e+00,1.000000e+00,1.000000e+00,1.000000e+00,1.000000e+00,1.000000e+00,1.000000e+00,0.000000e+00,1.000000e+00,1.000000e+00,1.000000e+00,1.000000e+00,1.000000e+00,1.000000e+00 ] 
   area = [5.000000e-01,5.000000e-01,5.000000e-01,5.000000e-01,1.000000e-01,1.000000e-01,1.000000e-01,0.000000e+00,1.000000e-01,1.000000e-01,5.000000e-02,5.000000e-02,5.000000e-02,5.000000e-02 ] 
   Z = [23.000000,23.000000,23.000000,23.000000,23.000000,23.000000,23.000000,23.000000,23.000000,23.000000,23.000000,23.000000,23.000000,23.000000 ] 
theta0=0.0;
theta1=0.0;
periodic=0;
