geom = 
{ 
   x1 = [0.017321,-0.017321,-0.020000,-0.020000 ] 
   z1 = [0.030000,-0.030000,-0.030000,0.030000 ] 
   x2 = [-0.017321,-0.020000,-0.020000,0.017321 ] 
   z2 = [-0.030000,-0.030000,0.030000,0.030000 ]
   Z = [74.0, 0.0, 0.0 , 0.0, 0.0] 
   slope = [1.732051,0.000000,1000000000000.000000,0.000000 ] 
   intercept = [0.000000,-0.030000,1000000000000.000000,0.030000 ] 
   length = [0.069282,0.002679,0.060000,0.037321 ] 
    y1 = -0.03;
    y2 =  0.03;
    periodic = 0;
}
