%============================================================
% Created by ERO (Standard Version)
% for the task 'Wtile_test_'.
% Tue Feb 23 12:18:37 2016
%============================================================
%
TskName= 'Wtile_test_';
CompName= 'STD';
%
PrfName = 'Axial';
%
%
RpX = [
 +0.0000e+00 +6.0000e+00 +1.2000e+01 +1.8000e+01 +2.4000e+01 +3.0000e+01 +3.6000e+01 +4.2000e+01 +4.8000e+01 +5.4000e+01 +6.0000e+01 +6.6000e+01 +7.2000e+01 +7.8000e+01 +8.4000e+01 +9.0000e+01 +9.6000e+01 +1.0200e+02 +1.0800e+02 +1.1400e+02 +1.2000e+02 +1.2600e+02 +1.3200e+02 +1.3800e+02 +1.4400e+02
];
%
NVC = [
 3771360 3771360 3771360 3771360 3771360 3142800     0     0     0     0     0     0     0     0     0     0     0     0     0     0     0     0     0     0     0
];
%
%
D.N    = 6;
%
D.D{1}.sLab = 'n_e';
D.D{1}.PX = [
 +0.0000e+00 +6.0000e+00 +1.2000e+01 +1.8000e+01 +2.4000e+01 +3.0000e+01 +3.6000e+01 +4.2000e+01 +4.8000e+01 +5.4000e+01 +6.0000e+01 +6.6000e+01 +7.2000e+01 +7.8000e+01 +8.4000e+01 +9.0000e+01 +9.6000e+01 +1.0200e+02 +1.0800e+02 +1.1400e+02 +1.2000e+02 +1.2600e+02 +1.3200e+02 +1.3800e+02 +1.4400e+02
];
%
D.D{1}.PY = [
 +1.0007e+13 +1.0005e+13 +1.0003e+13 +1.0004e+13 +1.0006e+13 +1.0007e+13 +0.0000e+00 +0.0000e+00 +0.0000e+00 +0.0000e+00 +0.0000e+00 +0.0000e+00 +0.0000e+00 +0.0000e+00 +0.0000e+00 +0.0000e+00 +0.0000e+00 +0.0000e+00 +0.0000e+00 +0.0000e+00 +0.0000e+00 +0.0000e+00 +0.0000e+00 +0.0000e+00 +0.0000e+00
];
%
%
%
D.D{2}.sLab = 'T_e';
D.D{2}.PX = [
 +0.0000e+00 +6.0000e+00 +1.2000e+01 +1.8000e+01 +2.4000e+01 +3.0000e+01 +3.6000e+01 +4.2000e+01 +4.8000e+01 +5.4000e+01 +6.0000e+01 +6.6000e+01 +7.2000e+01 +7.8000e+01 +8.4000e+01 +9.0000e+01 +9.6000e+01 +1.0200e+02 +1.0800e+02 +1.1400e+02 +1.2000e+02 +1.2600e+02 +1.3200e+02 +1.3800e+02 +1.4400e+02
];
%
D.D{2}.PY = [
 +2.0000e+01 +2.0000e+01 +2.0000e+01 +2.0000e+01 +2.0000e+01 +2.0000e+01 +0.0000e+00 +0.0000e+00 +0.0000e+00 +0.0000e+00 +0.0000e+00 +0.0000e+00 +0.0000e+00 +0.0000e+00 +0.0000e+00 +0.0000e+00 +0.0000e+00 +0.0000e+00 +0.0000e+00 +0.0000e+00 +0.0000e+00 +0.0000e+00 +0.0000e+00 +0.0000e+00 +0.0000e+00
];
%
%
%
D.D{3}.sLab = 'n(_w^0)';
D.D{3}.PX = [
 +0.0000e+00 +6.0000e+00 +1.2000e+01 +1.8000e+01 +2.4000e+01 +3.0000e+01 +3.6000e+01 +4.2000e+01 +4.8000e+01 +5.4000e+01 +6.0000e+01 +6.6000e+01 +7.2000e+01 +7.8000e+01 +8.4000e+01 +9.0000e+01 +9.6000e+01 +1.0200e+02 +1.0800e+02 +1.1400e+02 +1.2000e+02 +1.2600e+02 +1.3200e+02 +1.3800e+02 +1.4400e+02
];
%
D.D{3}.PY = [
 +0.0000e+00 +0.0000e+00 +7.6650e-04 +8.8854e-04 +2.2167e-06 +0.0000e+00 +0.0000e+00 +0.0000e+00 +0.0000e+00 +0.0000e+00 +0.0000e+00 +0.0000e+00 +0.0000e+00 +0.0000e+00 +0.0000e+00 +0.0000e+00 +0.0000e+00 +0.0000e+00 +0.0000e+00 +0.0000e+00 +0.0000e+00 +0.0000e+00 +0.0000e+00 +0.0000e+00 +0.0000e+00
];
%
%
%
D.D{4}.WL = 4008;
D.D{4}.sLab = 'I(_w^0)';
D.D{4}.PX = [
 +0.0000e+00 +6.0000e+00 +1.2000e+01 +1.8000e+01 +2.4000e+01 +3.0000e+01 +3.6000e+01 +4.2000e+01 +4.8000e+01 +5.4000e+01 +6.0000e+01 +6.6000e+01 +7.2000e+01 +7.8000e+01 +8.4000e+01 +9.0000e+01 +9.6000e+01 +1.0200e+02 +1.0800e+02 +1.1400e+02 +1.2000e+02 +1.2600e+02 +1.3200e+02 +1.3800e+02 +1.4400e+02
];
%
D.D{4}.PY = [
 +0.0000e+00 +0.0000e+00 +3.7272e+00 +4.3212e+00 +1.0783e-02 +0.0000e+00 +0.0000e+00 +0.0000e+00 +0.0000e+00 +0.0000e+00 +0.0000e+00 +0.0000e+00 +0.0000e+00 +0.0000e+00 +0.0000e+00 +0.0000e+00 +0.0000e+00 +0.0000e+00 +0.0000e+00 +0.0000e+00 +0.0000e+00 +0.0000e+00 +0.0000e+00 +0.0000e+00 +0.0000e+00
];
%
%
%
D.D{5}.sLab = 'n(_w^{+1})';
D.D{5}.PX = [
 +0.0000e+00 +6.0000e+00 +1.2000e+01 +1.8000e+01 +2.4000e+01 +3.0000e+01 +3.6000e+01 +4.2000e+01 +4.8000e+01 +5.4000e+01 +6.0000e+01 +6.6000e+01 +7.2000e+01 +7.8000e+01 +8.4000e+01 +9.0000e+01 +9.6000e+01 +1.0200e+02 +1.0800e+02 +1.1400e+02 +1.2000e+02 +1.2600e+02 +1.3200e+02 +1.3800e+02 +1.4400e+02
];
%
D.D{5}.PY = [
 +0.0000e+00 +0.0000e+00 +3.3155e-04 +4.2209e-03 +7.4045e-05 +1.2682e-07 +0.0000e+00 +0.0000e+00 +0.0000e+00 +0.0000e+00 +0.0000e+00 +0.0000e+00 +0.0000e+00 +0.0000e+00 +0.0000e+00 +0.0000e+00 +0.0000e+00 +0.0000e+00 +0.0000e+00 +0.0000e+00 +0.0000e+00 +0.0000e+00 +0.0000e+00 +0.0000e+00 +0.0000e+00
];
%
%
%
D.D{6}.WL = 4348;
D.D{6}.sLab = 'I(_w^{+1})';
D.D{6}.PX = [
 +0.0000e+00 +6.0000e+00 +1.2000e+01 +1.8000e+01 +2.4000e+01 +3.0000e+01 +3.6000e+01 +4.2000e+01 +4.8000e+01 +5.4000e+01 +6.0000e+01 +6.6000e+01 +7.2000e+01 +7.8000e+01 +8.4000e+01 +9.0000e+01 +9.6000e+01 +1.0200e+02 +1.0800e+02 +1.1400e+02 +1.2000e+02 +1.2600e+02 +1.3200e+02 +1.3800e+02 +1.4400e+02
];
%
D.D{6}.PY = [
 +0.0000e+00 +0.0000e+00 +3.3775e-01 +4.3006e+00 +7.5461e-02 +1.2926e-04 +0.0000e+00 +0.0000e+00 +0.0000e+00 +0.0000e+00 +0.0000e+00 +0.0000e+00 +0.0000e+00 +0.0000e+00 +0.0000e+00 +0.0000e+00 +0.0000e+00 +0.0000e+00 +0.0000e+00 +0.0000e+00 +0.0000e+00 +0.0000e+00 +0.0000e+00 +0.0000e+00 +0.0000e+00
];
%
%
%
%
% ------------- End of ERO print --------------- 
