answer = 
{
  x=2.0;
  y=0.83564;
  z=0.5;
  r=2.16755;
  charge=0;
}
